0 0.2207718022664388 0.9894838458961911 0.036776707967122395 0.0210323076777988
0 0.2557267761230469 0.9461739434136285 0.05338775634765625 0.06979214138454862
0 0.2752691268920898 0.9048085191514756 0.0378198496500651 0.04764289008246528
0 0.3245982869466146 0.7899708048502604 0.06132664998372396 0.07759365505642361
0 0.44003939310709633 0.6269188774956598 0.08854263305664062 0.11179416232638889
0 0.45804931640625 0.5304257202148438 0.05338775634765625 0.06979214138454862
0 0.5431937408447266 0.3668780008951823 0.08467819213867188 0.11081668429904513
0 0.6190379842122395 0.21259159511990017 0.0768951416015625 0.09974343193901909
1 0.26986820220947266 0.9801864961783091 0.15586657206217447 0.03962700711356269
1 0.3206515757242839 0.9309514023198022 0.2048677062988281 0.1380971948305766
1 0.32282786051432294 0.919321967098448 0.1531017049153646 0.16135606527328492
1 0.41443466186523437 0.8467903983592987 0.28468353271484376 0.3064192027515835
1 0.6037120310465495 0.693828548722797 0.5053414408365885 0.612342902024587
1 0.7252597045898438 0.3963536834716797 0.49604654947916665 0.6196428934733073
1 0.7591872914632162 0.23782080756293403 0.39867640177408853 0.47564161512586806
