0 0.2788698323567708 0.03416660732693142 0.053931884765625 0.06833321465386284
0 0.30051462809244794 0.07232120090060763 0.037989044189453126 0.04872443305121528
0 0.3624180603027344 0.17576772054036457 0.06164164225260416 0.07929762098524305
0 0.4335886383056641 0.3789249335394965 0.08896926879882812 0.11428887261284722
0 0.4942368570963542 0.4367914835611979 0.053931884765625 0.07094557020399306
0 0.5769123840332031 0.6025757683648003 0.08555562337239583 0.11262854682074652
0 0.6565558369954427 0.75342041015625 0.07758514404296875 0.10151936848958333
1 0.20586268742879232 0.051033168368869355 0.15292041778564452 0.10206633673773871
1 0.23158425013224285 0.11168433295355903 0.2030769729614258 0.22336866590711807
1 0.26888025283813477 0.12381736119588216 0.15137457529703777 0.18014831119113497
1 0.28312720616658527 0.2627224307590061 0.2819471867879232 0.3383434549967448
1 0.32414965947469077 0.555847193400065 0.5055459976196289 0.636475101047092
1 0.48929903666178387 0.7500532869497935 0.4976343282063802 0.49989342557059396
1 0.5951956939697266 0.8334607949521806 0.39997116088867185 0.33307840956581963
