0 0.15980021794637045 0.9316890462239583 0.03766597747802734 0.05022135416666667
0 0.2016480000813802 0.8832795206705729 0.05426167805989583 0.07203579372829862
0 0.2262506421407064 0.8470308770073784 0.037900174458821614 0.04990715874565972
0 0.28970191955566404 0.7452652655707466 0.06155832926432292 0.08113817003038194
0 0.4245132319132487 0.611219482421875 0.08880688985188802 0.1169997829861111
0 0.45474095662434894 0.5203174336751302 0.05426167805989583 0.07203575981987848
0 0.5597741953531901 0.37881278143988717 0.08610020955403645 0.11433041042751736
0 0.6544482167561849 0.2442907460530599 0.07792037963867188 0.10326746622721354
1 0.20299346923828124 0.9444621445073021 0.1471233622233073 0.11107571045557658
1 0.26126096725463865 0.9015438502364689 0.1985605239868164 0.19691229899724325
1 0.27047576268513995 0.877915276421441 0.14741959889729817 0.18951246473524305
1 0.36961544036865235 0.8268868339061737 0.2753014882405599 0.3462263316578335
1 0.576607526143392 0.695111762020323 0.501294937133789 0.609776475429535
1 0.7352943929036458 0.44973543802897137 0.4955289713541667 0.6513092888726129
1 0.7906876881917317 0.2902930842505561 0.3983068339029948 0.5235589324103461
