0 0.9683330000000001 0.45333299999999993 0.026667000000000107 0.03555600000000002
0 0.9133330000000001 0.46222199999999997 0.03666700000000011 0.05333299999999996
0 0.8766669999999999 0.46222199999999997 0.023332999999999895 0.04
0 0.7775 0.456667 0.03833300000000008 0.06444399999999999
0 0.6125 0.5 0.055 0.09333299999999996
0 0.541667 0.46888899999999994 0.036666999999999915 0.05333299999999996
0 0.3925 0.477778 0.058333000000000086 0.08444399999999999
0 0.25416700000000003 0.481111 0.051666999999999914 0.07777799999999994
1 0.9675 0.53 0.051666999999999914 0.20222200000000007
1 0.9 0.553333 0.09333300000000008 0.2444439999999999
1 0.8641669999999999 0.526667 0.0649999999999999 0.18666700000000006
1 0.771667 0.593333 0.1266670000000001 0.3422220000000001
1 0.57 0.7222219998675453 0.2866669999999999 0.5555559997350905
1 0.31416700000000003 0.698889 0.29833300000000007 0.531111
1 0.18833300000000003 0.646667 0.2399999999999999 0.42666699999999996
