0 0.13242122014363608 0.8897501288519966 0.037684186299641924 0.050245564778645835
0 0.17732470830281574 0.8464810180664063 0.05407861073811849 0.07234965006510417
0 0.20424196243286133 0.8132850816514757 0.03749980926513672 0.05048956976996528
0 0.2742135492960612 0.7194253540039063 0.060960057576497396 0.0820147705078125
0 0.41741141001383464 0.6018528408474393 0.08790779113769531 0.11831241183810765
0 0.4535676829020182 0.5148843383789062 0.054078623453776044 0.07234965006510417
0 0.5676010894775391 0.3863603040907118 0.08582778930664063 0.11480441623263889
0 0.6708515930175781 0.263566157023112 0.07753936767578125 0.10387564765082466
1 0.1720764954884847 0.9238312783506182 0.140914249420166 0.15233744276894465
1 0.2335123125712077 0.884660339223014 0.19300426483154298 0.23067932102415298
1 0.24623801549275717 0.8492785305447048 0.14278067270914713 0.1958843994140625
1 0.3480947875976563 0.8144737413194445 0.2672703043619792 0.36591132269965276
1 0.5617812728881836 0.6964110479089949 0.4933729807535807 0.6071779036521912
1 0.7377109018961588 0.4777630191379123 0.48948827107747395 0.6599979146321615
1 0.803377939760685 0.32550087187025284 0.39324412008126575 0.530511114332411
