0 0.7997204182942709 0.5112170257568359 0.07094637044270834 0.10790286254882812
0 0.6010113525390625 0.3900433044433594 0.06087646484375 0.10615045166015626
0 0.43000319417317706 0.3578838348388672 0.0835460205078125 0.11790078735351563
0 0.3510444844563802 0.2896614532470703 0.04834104410807292 0.08883126831054687
0 0.24158236694335938 0.24962680053710937 0.041675760904947914 0.069931884765625
0 0.1855183817545573 0.2142309341430664 0.034946268717447916 0.05835371398925781
1 0.21914266459147136 0.37833203125 0.1163275858561198 0.3480694580078125
1 0.29723414103190104 0.43905052947998047 0.1298874308268229 0.43368653869628904
1 0.38928418986002605 0.589025390625 0.20253887939453125 0.6064578857421875
1 0.5716917724609375 0.631414047241211 0.227738037109375 0.6264537658691406
1 0.7779906819661458 0.7152647398710251 0.272538818359375 0.5694705197811126
