0 0.7778128662109375 0.33090354919433596 0.06832381184895833 0.10410159301757813
0 0.5633741658528646 0.33871998596191405 0.05805887858072917 0.10325009155273437
0 0.3980135701497396 0.41157925415039065 0.08084102376302084 0.11318023681640625
0 0.30746516927083334 0.39627923583984376 0.045913818359375 0.08664910888671876
0 0.1964445292154948 0.42508218383789065 0.03986138916015625 0.06787335205078125
0 0.1356213124593099 0.4261800384521484 0.03343683878580729 0.05661996459960938
1 0.2101038564046224 0.5565287628173828 0.1048695576985677 0.3463966979980469
1 0.2978610331217448 0.5654671325683593 0.11520989990234375 0.4330189819335937
1 0.4221596069335937 0.6478951110839843 0.1825711669921875 0.6035569458007812
1 0.6006939086914063 0.5775929412841797 0.20760550944010417 0.6217142639160156
1 0.8162498779296875 0.5450947189331055 0.25469832356770833 0.5905348052978515
