0 0.7960441487630209 0.4289103546142578 0.061567138671875 0.09424874877929687
0 0.5859226481119791 0.36421778869628907 0.05097932942708333 0.09545370483398438
0 0.41387528483072916 0.37945248413085936 0.07375056966145833 0.101133056640625
0 0.3279374796549479 0.3340110778808594 0.03986307779947917 0.08067828369140626
0 0.21544181315104166 0.3246405487060547 0.0352735595703125 0.062403167724609375
0 0.15601084899902343 0.3052006530761719 0.029616851806640625 0.0520191650390625
1 0.20905200703938803 0.45732864379882815 0.07761534627278646 0.3385436401367187
1 0.29322344970703124 0.49563003540039063 0.08052152506510417 0.4264356079101562
1 0.40198734537760417 0.617861831665039 0.135077880859375 0.5899048767089844
1 0.5864879760742188 0.6095610198974609 0.1594447021484375 0.6036734924316406
1 0.8013971761067709 0.6505802612304687 0.211193115234375 0.56169287109375
