0 0.7275497639973958 0.7928242797851562 0.08330460611979167 0.1245849609375
0 0.6246090901692708 0.5105438537597656 0.07787874348958333 0.11309637451171875
0 0.5056317545572917 0.32350740051269533 0.093775634765625 0.14252444458007812
0 0.47318473307291664 0.19578485870361328 0.0639833984375 0.09188108825683594
0 0.4052220662434896 0.06099024105072021 0.05202372233072917 0.07617462348937988
0 0.3766871337890625 0.00614163589477539 0.04348836263020833 0.01228327178955078
1 0.33360472615559894 0.14034156799316405 0.21732562255859375 0.2806831359863281
1 0.368541259765625 0.26054610061645506 0.26390706380208334 0.33594087982177734
1 0.3766891377766927 0.4640351791381836 0.3785908813476562 0.49196308898925784
1 0.5001909281412761 0.6698055114746094 0.3995328572591146 0.5278421020507813
1 0.6182672729492188 0.8302805479764939 0.40760542805989586 0.33943890357017514
