0 0.8582068481445313 0.8136158619557057 0.1049423828125 0.15279977242867868
2 0.7525094909667969 0.6702393998612871 0.10515631103515626 0.1607552834817239
2 0.6825396118164062 0.5730098689998593 0.097098876953125 0.14388552370730104
2 0.6383197021484375 0.4073364211990311 0.1354703369140625 0.19386603094794014
2 0.46275059509277344 0.09049307333456504 0.09179751586914063 0.13115410332207209
2 0.36500225830078126 0.013747112171069996 0.1231748046875 0.02749422434213999
2 0.9270140991210938 0.942040795678491 0.08140869140625 0.11364672778246997
1 0.4601526565551758 0.5726055510051258 0.641935531616211 0.8547888972737767
1 0.2924958801269531 0.33908624047631614 0.5849917602539062 0.6781724809526323
1 0.41507301330566404 0.3017084972636478 0.41277255249023437 0.5968758275916984
