0 0.8654440002441406 0.20581014593084296 0.07063787841796874 0.12095713114237285
2 0.7287604370117188 0.26601319413285357 0.0805894775390625 0.11206854284704626
2 0.6369634094238281 0.3046542674571544 0.06857391357421876 0.10892147488064235
2 0.5197991180419922 0.27452991245029207 0.08684536743164062 0.16018711124454532
2 0.2481038818359375 0.33335095196514875 0.05857421875 0.10880135201119087
2 0.11034033966064453 0.37855147169874953 0.08274949645996094 0.14212159852723819
2 0.9743365173339844 0.18498224252695078 0.04852655029296875 0.09967249506586665
1 0.5244953002929688 0.5919206520100614 0.34832568359375 0.8161586952639056
1 0.22274501252174378 0.6414734665695969 0.4356827654838562 0.6988618409669435
1 0.3430210266113281 0.5048891130510393 0.2725357666015625 0.4807055132525103
