0 0.8785527954101563 0.7540859188045468 0.1061546630859375 0.15686795804593656
2 0.7632185363769531 0.62856872375305 0.10761859130859375 0.16310353322072071
2 0.6867035522460937 0.5431751331409534 0.0986295166015625 0.14708299608201952
2 0.6308981628417969 0.3855837000024927 0.13648297119140626 0.1998825989685975
2 0.43369766235351564 0.09886002182602524 0.0924488525390625 0.13527933756510416
2 0.32560659790039065 0.027447290964670724 0.12457720947265626 0.05489458192934145
2 0.9561414489746094 0.8706820834506381 0.08155145263671874 0.11790745823948949
1 0.46609383392333986 0.565673724846081 0.6386951446533203 0.8686525495918663
1 0.28547576904296873 0.3632850532417183 0.5709515380859375 0.7265701064834366
1 0.4013912963867188 0.3165381287669276 0.41686572265625 0.6138122325186973
