0 0.956522 0.293 0.050974999999999965 0.082
0 0.7683660000000001 0.303 0.046477 0.066
0 0.631934 0.282 0.03748099999999997 0.06
0 0.556972 0.286 0.04647700000000008 0.072
0 0.150675 0.323 0.061469000000000155 0.086
1 0.92054 0.465 0.12893600000000002 0.442
1 0.7421289999999999 0.455 0.18290899999999988 0.39
2 0.503748 0.359 0.050974999999999965 0.09
1 0.49925 0.582 0.13793100000000008 0.54
1 0.10269899999999997 0.548 0.2053969999999999 0.544
1 0.635682 0.389 0.104948 0.278
0 0.7226389999999999 0.263 0.020989999999999943 0.034
0 0.92054 0.285 0.02698699999999995 0.058
1 0.414543 0.444 0.17241399999999998 0.376
