0 0.061395170449138226 0.7671886291503907 0.07925787358090974 0.10631146240234375
0 0.2034342878762035 0.6022695617675782 0.06775695022971913 0.09055389404296875
0 0.2918983242143577 0.462132080078125 0.05812614932767991 0.07795562744140624
0 0.34849541476820184 0.3964393615722656 0.07084259994026425 0.0949193115234375
0 0.6631324001695441 0.05547059631347656 0.08895004707119096 0.11094119262695312
1 0.17602879997493623 0.8198044432401657 0.3211166619182169 0.36039111304283145
1 0.3006923795640022 0.6888486633300781 0.33364372882528465 0.45114471435546877
2 0.42476115305384415 0.40084286499023436 0.08337205603741098 0.11213201904296875
1 0.5427157446362268 0.5589742584228515 0.37805951302913 0.5191175231933594
1 0.7995736780373947 0.2316052703857422 0.40085264356776157 0.4632105407714844
1 0.34419816687725474 0.5434119873046875 0.21932363438642008 0.2983094482421875
0 0.2161330719222908 0.5313187866210938 0.03275682257748079 0.04394677734375
0 0.08346039744867556 0.7284384155273438 0.04946249142579589 0.066896728515625
1 0.5333767938113463 0.38104844665527343 0.3188081481110031 0.43135403442382814
