0 0.03095173013621363 0.6092037658691406 0.06190346027242726 0.10452728271484375
0 0.19368905749456813 0.4980369873046875 0.06447008810658147 0.0876051025390625
0 0.3060104278610207 0.3926137084960937 0.054418400845963735 0.07659954833984375
0 0.37329140452966875 0.34833851623535156 0.06661950701895146 0.09287557983398438
0 0.7434451490685321 0.12182244110107422 0.08480414028825431 0.11473097229003906
1 0.1269261761941295 0.7373529205322266 0.253852352388259 0.4704587097167969
1 0.2711885786842907 0.614830322265625 0.3003842012099419 0.459189208984375
2 0.44619583976322386 0.37853236389160155 0.0770190008755388 0.11155465698242187
1 0.5300344898961652 0.5715522003173829 0.31461065426759277 0.5622781677246094
1 0.8392692919613897 0.29664126586914064 0.3214614157197715 0.5932825317382813
1 0.34104980056968587 0.4889938659667969 0.19177898080988803 0.31110552978515627
0 0.2195269057060825 0.4337489166259766 0.03061816717373735 0.043247528076171875
0 0.05356826810822494 0.5792376098632812 0.04448379390779464 0.0681527099609375
1 0.5550055782655547 0.3963290481567383 0.2861498327984445 0.44020066833496097
