0 0.09953414196374713 0.14175725173950196 0.0652057756369618 0.09686186981201172
0 0.2792678901638048 0.2166830825805664 0.05774360439409202 0.07985197448730469
0 0.41509993751903346 0.24373274230957032 0.047887478989997186 0.07093777465820313
0 0.48670339512860755 0.273598876953125 0.05891320087026799 0.08564556884765626
0 0.8718105241812687 0.4502672882080078 0.07611843492316342 0.10436453247070313
1 0.10304006322034295 0.32032200622558593 0.2060801264406859 0.4715212707519531
1 0.27497264398806454 0.37255541229248046 0.2526400221520099 0.44003297424316407
2 0.5238663245891703 0.3625505065917969 0.06676527763950056 0.104586669921875
1 0.4847398040176689 0.579439208984375 0.23844914243317794 0.5692701416015625
1 0.861044704914093 0.6841693725585938 0.27791058981436484 0.5965360107421875
1 0.3906231698603823 0.3457515869140625 0.15552865046968703 0.3048419189453125
0 0.3312190797911591 0.1939215087890625 0.02689559456111788 0.040111602783203124
0 0.135837749383975 0.14651434326171875 0.03736464516155009 0.06536627197265625
1 0.5934332943391586 0.47557089233398436 0.23977702310953897 0.42287396240234376
