0 0.20345551177658242 0.022872655868530274 0.07634264990307581 0.04574531173706055
0 0.35665196957795514 0.1388827247619629 0.0660016290072737 0.08919576263427734
0 0.47935373743792165 0.22117852020263673 0.05601279560415105 0.07759535217285156
0 0.5403811842247821 0.2793865661621094 0.06846932063753279 0.09421209716796874
0 0.8648515555454694 0.6076847839355469 0.08676133734890368 0.11688934326171875
1 0.16279907812779096 0.19745085144042968 0.2895818178442822 0.39490170288085935
1 0.3160736678779751 0.28516599082946775 0.31331999405570654 0.45993132400512693
2 0.554856330379732 0.37937278747558595 0.07963285203101574 0.11255319213867188
1 0.4669024283024503 0.5691056213378907 0.3374071936199869 0.5524210815429688
1 0.8073481568868371 0.7641696470975876 0.38530368586887664 0.47166070532798765
1 0.43221368746778954 0.3078935546875 0.2020772450688718 0.3092341918945313
0 0.41133339580209893 0.13890748977661133 0.03153220752904798 0.04378829193115234
0 0.2368287368156742 0.023290351867675783 0.04641668728623969 0.046580703735351565
1 0.5944783955678411 0.5157257843017579 0.298787678914449 0.44054537963867185
