0 0.3031632014683315 0.01345019241174062 0.09948632376534598 0.02690038482348124
1 0.20595878192356654 0.24126631418863934 0.3355954715183803 0.48253262837727867
0 0.39670484633672803 0.0693916400273641 0.10642493111746652 0.1387832800547282
1 0.29685968217395603 0.3710824966430664 0.4218905948457264 0.7421649932861328
0 0.4766703106108166 0.17847762902577718 0.08682283673967633 0.15750762621561687
0 0.5473137265159971 0.26199181079864503 0.12348414829799108 0.21888105074564615
1 0.4293876193818592 0.5041964530944825 0.42340380350748696 0.8383913040161133
1 0.6065934680757068 0.6045508780827125 0.5357327415829614 0.7908982433378696
0 0.7166358584449405 0.44538002014160155 0.16727294921875 0.29113680521647134
0 0.7994449433826265 0.586950413386027 0.1058930896577381 0.19127836227416992
1 0.726496342250279 0.7366988816608985 0.43057011195591516 0.5266022361814976
