0 0.8517859999999999 0.2593750000000001 0.06071399999999991 0.14791700000000002
1 0.8571429999999999 0.528125 0.12381000000000002 0.685417
0 0.741071 0.24375 0.06309500000000005 0.1625
1 0.724405 0.570833 0.16071400000000005 0.85
0 0.6297619999999999 0.26875 0.054761999999999963 0.125
0 0.544643 0.260417 0.08452400000000006 0.16249999999999998
1 0.554762 0.578125 0.17618999999999999 0.81875
1 0.3416670000000001 0.55625 0.29285700000000003 0.875
0 0.346429 0.227083 0.121429 0.204167
0 0.23154799999999998 0.252083 0.06785700000000008 0.15
1 0.181548 0.578125 0.17976200000000003 0.83125
