0 0.14950310843331474 0.746318785349528 0.10212910970052083 0.18054790496826173
1 0.25078186307634626 0.8123263357828061 0.3584668931506929 0.3753473279376825
0 0.22405828748430526 0.6022324879964193 0.10957142057872954 0.19402732849121093
1 0.3642137709118071 0.7072983422627052 0.4497699737548828 0.5854033149778843
0 0.3149458930605934 0.4870348771413167 0.0888231913248698 0.15671586990356445
0 0.3737049284435454 0.37894078890482585 0.12518528529575892 0.21971184412638348
1 0.4906748544602167 0.6093442041426897 0.44881575448172434 0.7813115912179153
1 0.6373812175932385 0.4227465629577637 0.5558378310430617 0.8454931259155274
0 0.5050837562197731 0.13211445013682047 0.16838284447079613 0.26422890027364093
0 0.5985740661621094 0.04645536343256632 0.10814899262927827 0.09291072686513265
1 0.7626102265857515 0.29289989471435546 0.4563105991908482 0.5857997894287109
