0 0.1623778570265997 0.2036813775698344 0.06824289957682292 0.1570765733718872
1 0.14289525349934895 0.4704247355461121 0.1593673342750186 0.7024633646011352
0 0.2734445753551665 0.205972949663798 0.07138150533040365 0.17198144594828288
1 0.2728203637259347 0.5343518694241841 0.20477888924734933 0.8722962458928426
0 0.38296407063802085 0.24881250858306886 0.06110977899460565 0.13329742749532064
0 0.4681597391764323 0.25423831939697267 0.09271937779017857 0.17543633778889975
1 0.44135800316220236 0.5689637025197347 0.21854393368675595 0.8436743100484212
1 0.6546983264741444 0.5611453690876563 0.33767598470052085 0.877709261327982
0 0.667285646711077 0.2530033032099406 0.13166100638253347 0.22287618319193522
0 0.7803619384765625 0.29641877810160316 0.07546517508370536 0.16030238469441732
1 0.8129847208658855 0.600393454109629 0.22275870186941965 0.7992130912840366
