0 0.19562589554559617 0.10862530370553335 0.08047370910644532 0.17032943765322367
1 0.15081097739083427 0.36584856534997623 0.2207105182466053 0.7181163306037585
0 0.30489378429594494 0.14354034066200255 0.08492497035435267 0.18549380699793497
1 0.2727517355056036 0.46706779797871906 0.2806392669677734 0.893791929880778
0 0.40874354044596356 0.21797205607096354 0.07134326753162203 0.14550050099690756
0 0.4922072455996559 0.24837013085683188 0.10562784104120164 0.19517340660095214
1 0.4355706078665597 0.5507413387298584 0.29098160153343566 0.8705914497375489
1 0.6446710132417225 0.5685232638070981 0.41199173700241815 0.8629534718890984
0 0.688621085030692 0.30570002396901447 0.1474279494512649 0.25209863980611164
0 0.7959217979794457 0.38174522717793785 0.08768187023344494 0.17556842168172201
1 0.7961376735142299 0.6385917026549578 0.2962762015206473 0.7228165941933791
