0 0.878125 0.413594 0.04375 0.08064500000000001
0 0.61875 0.398618 0.04375 0.06912400000000002
0 0.510937 0.391705 0.053125 0.11059899999999993
0 0.4023440000000001 0.37788 0.02343799999999998 0.05069099999999996
0 0.361719 0.374424 0.02343799999999998 0.057603999999999995
0 0.279687 0.403226 0.05625 0.10138200000000006
2 0.1523440000000001 0.362903 0.026561999999999843 0.048386999999999986
1 0.14765599999999993 0.447005 0.05468800000000016 0.23963099999999993
1 0.25546899999999995 0.6682029999999999 0.18593799999999988 0.658986
1 0.364062 0.47235000000000005 0.05 0.27188900000000005
1 0.503906 0.6232719999999999 0.15156200000000003 0.578341
1 0.620312 0.564516 0.103125 0.4239629999999999
1 0.8765620000000001 0.582949 0.153125 0.4239629999999999
