0 0.11764832139015198 0.4781784901421191 0.04973889589309692 0.08751829648347494
0 0.37414259910583497 0.41939161450082807 0.048842000961303714 0.07607350151659706
0 0.4807046175003052 0.3942725185974402 0.06138377189636231 0.11886139619185628
0 0.5875034093856811 0.3621550705026372 0.02722926139831543 0.05432371499900994
0 0.6275907993316651 0.351844488750405 0.027767467498779296 0.061191013881138394
0 0.7113226175308227 0.36656876313521564 0.06377062797546387 0.11023437921902002
2 0.8346846103668213 0.30495430906796783 0.030153369903564452 0.05256380353655134
1 0.845888900756836 0.3877066335370464 0.07298145294189454 0.24730489001296083
1 0.7560087442398071 0.6256939848447176 0.23601012229919432 0.6861068268525435
1 0.6328866958618165 0.4495197067612327 0.0708357810974121 0.2785560150849654
1 0.5057164192199707 0.6231182291760423 0.19558334350585938 0.6001754620108187
1 0.3855059385299683 0.5844572040891867 0.13544831275939942 0.4386181457800799
1 0.13238512873649597 0.6461492265973773 0.18511778116226196 0.4470826953237507
