0 0.11756413280963898 0.4816651761806506 0.05004279017448425 0.0878556422923567
0 0.3738070249557495 0.42054071734028475 0.04909791946411133 0.07641921504851311
0 0.4802616834640503 0.3944504909251692 0.06180558204650879 0.11926178119149626
0 0.5869237661361695 0.36135987312563006 0.02742323875427246 0.05449898012222782
0 0.6269671678543091 0.3506839593984015 0.027990198135375975 0.06136121618033554
0 0.7107591152191162 0.3646445032638339 0.06415176391601562 0.11066978208480342
2 0.8338603973388672 0.3019064011112336 0.030335426330566406 0.05276902370189192
1 0.8454114437103272 0.38455499042563723 0.07393941879272461 0.2476253949002736
1 0.7565308809280396 0.6233572981873965 0.23861842155456542 0.687310056202972
1 0.6326725006103515 0.44830902380877374 0.07193136215209961 0.27881056262600806
1 0.5062325477600098 0.6230637510800692 0.19788093566894532 0.6011262533302131
1 0.3858622431755066 0.5854995481429561 0.13713839054107665 0.43924291232763896
1 0.13300494849681854 0.6494983022663451 0.18677144646644592 0.44816019787766415
