0 0.13574159741401673 0.6727776241741972 0.063625967502594 0.1010114256687428
0 0.3630302667617798 0.4878958249421713 0.060123014450073245 0.09071339550106207
0 0.4572969198226929 0.4104320332751296 0.08111329078674316 0.13398440312680013
0 0.550159215927124 0.32627420381466915 0.03636255264282227 0.060807012742565524
0 0.5854210615158081 0.29632432999149444 0.03846449851989746 0.06698618945987543
0 0.667502498626709 0.26783043118665845 0.08110418319702148 0.12781202957926807
2 0.7690677642822266 0.14759013180359168 0.038454437255859376 0.06081315669046569
1 0.7988292694091796 0.2196649867818103 0.12174243927001953 0.25035294739332065
1 0.7697158575057983 0.4886672331990185 0.36656479835510253 0.7119739462153702
1 0.6131010770797729 0.38540457800236716 0.127360200881958 0.276087150046353
1 0.5339893817901611 0.6127691840246525 0.31131782531738283 0.6171605334303896
1 0.41207525730133054 0.6372163482525381 0.2210838794708252 0.44714390627250145
1 0.18863097727298736 0.7915101819049378 0.2657763659954071 0.4169796356407728
