0 0.20876148343086243 0.13402444865846413 0.06592973470687866 0.10249908728533626
0 0.4349388599395752 0.3218465796264086 0.06183280944824219 0.09268925047140517
0 0.5291974306106567 0.39933172129266276 0.08456406593322754 0.13525390625
0 0.6265781164169312 0.471534676266156 0.03798279762268066 0.06128671531853039
0 0.6623983383178711 0.5000071723340294 0.040441036224365234 0.06717298657114056
0 0.7220046043395996 0.5879664618848106 0.08394737243652343 0.12982241019675259
2 0.8447732925415039 0.6521062894900274 0.03982353210449219 0.06174071703088998
1 0.8188580274581909 0.7273424210086945 0.13177914619445802 0.2463303667059692
1 0.648399019241333 0.7399338400034311 0.39265947341918944 0.5201323194437862
1 0.6255805015563964 0.5815770724951397 0.1392584800720215 0.270172119140625
1 0.45283820629119875 0.6019427391790575 0.33471150398254396 0.609646493938112
1 0.3746150016784668 0.46189701062743016 0.2385711669921875 0.4407409808602751
1 0.14986915774643422 0.27943503252372215 0.2811450444161892 0.47940586898733395
