2 0.4582749176025391 0.20534437635670538 0.08690036010742187 0.1196402881456458
2 0.5391976470947266 0.30666073508884595 0.06788461303710938 0.09563437752101732
2 0.6476344299316407 0.4477981691775115 0.05342315673828125 0.0731088804162067
0 0.7516623840332032 0.599936754807182 0.06394061279296875 0.08949109782343326
2 0.7450740051269531 0.6804749862007473 0.08558587646484375 0.11759285304857336
2 0.37954742431640626 0.048935171702633735 0.0419432373046875 0.05803423990374026
1 0.3369960479736328 0.10679255361142366 0.15039059448242187 0.21358510722284732
1 0.3638582077026367 0.3999495558116747 0.40682496643066407 0.585965229117352
1 0.46799717712402344 0.48370620478754456 0.32104641723632815 0.46863369319749915
1 0.6197772674560547 0.750498232472202 0.5091531066894531 0.49900353440771933
