2 0.36103425598144534 0.26679224553315534 0.06985549926757813 0.1071330568064814
2 0.46754315185546874 0.30436837154886 0.0490185546875 0.09307989866837212
2 0.61212841796875 0.3594601465308148 0.044072021484375 0.0639542704043181
0 0.7566388854980469 0.42707779096520465 0.04766949462890625 0.0851365794306216
2 0.7787507934570312 0.5023369167162024 0.0694058837890625 0.1044856361720873
2 0.23736048889160155 0.1792140058849169 0.03297903442382812 0.05295599025228749
1 0.21922269439697264 0.25579691451528797 0.09443876647949219 0.23015431735826575
1 0.3452216339111328 0.49888331993766455 0.2609811706542969 0.6132702412812606
1 0.4661212921142578 0.506110668182373 0.19007614135742187 0.5108210936836575
1 0.72801025390625 0.7073282779234907 0.402043701171875 0.585343443505142
