2 0.2891801300048828 0.5893755166426949 0.08778005981445312 0.11512760494066321
2 0.35420431518554685 0.4687584379444952 0.071470947265625 0.08813969985298488
2 0.44526670837402343 0.30652855790179706 0.05337509155273437 0.07114080760789954
0 0.5448692626953126 0.14901751020680304 0.0665357666015625 0.0835037024124809
2 0.6045102844238281 0.14888150277345077 0.08613519287109375 0.11358243486155635
2 0.18361714935302734 0.7132065814474354 0.04275291442871094 0.05532886670983356
1 0.22930394744873048 0.764382963595183 0.1657292022705078 0.1906849819680919
1 0.4420936584472656 0.6950278489486031 0.4454385375976562 0.517609223075535
1 0.49167205810546877 0.5450349683346956 0.359810791015625 0.4033367737479832
1 0.7428113402128219 0.31740503725798236 0.5143773190975189 0.6348100745159647
