2 0.3689851531982422 0.25844551169353985 0.07222421264648438 0.10944946952488112
2 0.47412586975097654 0.30256500451461127 0.05134750366210938 0.09428984185923701
2 0.6167171936035156 0.36653515566950257 0.04543109130859375 0.06550007281096085
0 0.7588144836425781 0.4430135851321013 0.04973394775390625 0.08643817901611328
2 0.7783840637207031 0.5195613114730172 0.07168646240234375 0.10683258720066237
2 0.24837122344970702 0.16331485561702563 0.03418589782714844 0.053994396458501404
1 0.22768843841552736 0.23869758585224982 0.10081861877441406 0.231305920559427
1 0.34541921997070313 0.48931915863700537 0.2777642822265625 0.6169808843861455
1 0.46595179748535154 0.5040106255075206 0.20468930053710938 0.5120344369307809
1 0.7199195556640625 0.711054926171251 0.4165467529296875 0.5778901470096215
