0 0.9203129999999999 0.261458 0.04375 0.07291699999999998
0 0.770313 0.242708 0.028125 0.05208300000000001
0 0.692188 0.241667 0.03125 0.0625
0 0.507812 0.263542 0.040625 0.08958300000000001
1 0.932813 0.453125 0.1 0.47291700000000003
1 0.600781 0.557292 0.264062 0.5729169999999999
1 0.4898439999999999 0.448958 0.15156200000000003 0.4645830000000001
0 0.54375 0.267708 0.0375 0.06458300000000002
1 0.20546899999999998 0.503125 0.09531200000000002 0.264583
1 0.15390599999999988 0.438542 0.10468800000000007 0.23958299999999996
