0 0.05069892480969429 0.3900578180948893 0.05467026084661484 0.08392721811930338
0 0.19397191405296327 0.32793815930684406 0.03600102663040161 0.05903444290161133
0 0.2700271248817444 0.3040967623392741 0.04076206684112549 0.07011127471923828
0 0.45351715087890626 0.2715712070465088 0.05436019897460938 0.09927517573038737
1 0.07882391810417175 0.5807187557220459 0.1576478362083435 0.49064035415649415
1 0.41108399629592896 0.5853446801503499 0.3518004179000854 0.6361437797546386
1 0.5015206813812256 0.44723124504089357 0.22423038482666016 0.4975736935933431
0 0.41913723945617676 0.2861359198888143 0.04720249176025391 0.07396972974141439
1 0.7878864049911499 0.4169962247212728 0.13647847175598143 0.28599987030029295
1 0.8275823831558228 0.3389177719751994 0.141517972946167 0.2643468697865804
