0 0.27882862091064453 0.006881769001483917 0.06814031600952149 0.013763538002967835
0 0.4057095289230347 0.07538940906524658 0.04620833396911621 0.06412992477416993
0 0.46776614189147947 0.13867853879928588 0.053479766845703124 0.07490471998850505
0 0.6029892683029174 0.30721935431162517 0.07337012290954589 0.10394399960835775
1 0.18050501346588135 0.16764362653096518 0.29711084365844725 0.33528725306193036
1 0.39412165284156797 0.46245487133661906 0.4725791811943054 0.6682484706242879
1 0.5315651416778564 0.468104084332784 0.33390378952026367 0.49054455757141113
0 0.572740888595581 0.2810120741526286 0.05936737060546875 0.08167524337768554
1 0.7306992530822753 0.7441561381022136 0.19725112915039061 0.28675079345703125
1 0.801150631904602 0.735566234588623 0.19310126304626465 0.27474040985107423
