0 0.11607471108436584 0.8300422032674154 0.06981576681137085 0.08919881184895834
0 0.18859851956367493 0.653971258799235 0.04811462163925171 0.06026414235432943
0 0.23178770542144775 0.5671629746754964 0.056335067749023436 0.06955804824829101
0 0.34882024526596067 0.37594674428304037 0.07840883731842041 0.09510103861490886
1 0.22805061042308808 0.8817611693094174 0.34970293641090394 0.23647766088445982
1 0.4790200710296631 0.6433751106262207 0.5038385391235352 0.6128974278767904
1 0.4740108847618103 0.46015176773071287 0.37346022129058837 0.42794907887776695
0 0.3312419891357422 0.41794791221618655 0.061135053634643555 0.07762473424275716
1 0.6671995878219604 0.17668849229812622 0.21773581504821776 0.2536488612492879
1 0.6560372352600098 0.10426382223765056 0.2074763298034668 0.20852764447530112
