0 0.6032635701497396 0.40907530212402343 0.05698539225260417 0.09418441772460938
0 0.8359775797526041 0.5134869232177734 0.113990478515625 0.20290774536132813
0 0.4477782999674479 0.3565252227783203 0.04274369303385417 0.07427291870117188
0 0.3939668986002604 0.32897837829589843 0.03204642740885417 0.046618255615234375
2 0.5017525227864583 0.3831023254394531 0.0291533203125 0.0582403564453125
1 0.3851517333984375 0.40195899963378906 0.08202994791666667 0.22171334838867188
1 0.43084128824869794 0.4614992980957031 0.1057344970703125 0.31240740966796876
1 0.4937120157877604 0.4842186737060547 0.1079852294921875 0.30417556762695314
1 0.5734687703450521 0.5865340423583985 0.16831278483072917 0.4831782531738281
1 0.8049616292317708 0.6911405791044235 0.34864591471354167 0.6177188413143158
