0 0.6144609985351562 0.44725624084472654 0.0648245849609375 0.10234811401367187
0 0.8248433430989583 0.6293708190917969 0.13220442708333333 0.21704718017578126
0 0.47124967447916666 0.34232568359375 0.049256998697916665 0.0798486328125
0 0.42312544759114584 0.29690304565429687 0.035346598307291664 0.05216778564453125
2 0.5196814371744791 0.38686106872558595 0.034919677734375 0.060898162841796874
1 0.40332527669270835 0.3648655853271484 0.10835408528645833 0.22045675659179687
1 0.43862679036458335 0.43860874938964844 0.144314453125 0.30676687622070314
1 0.49630839029947915 0.4824685974121094 0.14478792317708333 0.30066241455078124
1 0.5581806030273437 0.6096205444335937 0.2272596435546875 0.4763326416015625
1 0.7555522664388021 0.7351574248075485 0.43062984212239586 0.5296851499080658
