0 0.4755461222330729 0.32417510986328124 0.06938179524739584 0.10047613525390625
0 0.6158452962239583 0.06493547058105469 0.14629036458333333 0.12987094116210937
0 0.3926798502604167 0.5283966369628906 0.05391788736979167 0.07668084716796875
0 0.35808790079752606 0.5960850830078125 0.035734761555989585 0.05420166015625
2 0.4267112019856771 0.4601669921875 0.0406964111328125 0.05505035400390625
1 0.4013765563964844 0.6319280090332031 0.1444244588216146 0.17587652587890626
1 0.45358553059895834 0.5860041351318359 0.19992985026041668 0.23635733032226564
1 0.48802170817057294 0.5038965911865234 0.1964886474609375 0.23599075317382812
1 0.578135762532552 0.4232133636474609 0.3109512939453125 0.3711203918457031
1 0.7519892373879751 0.24739089965820313 0.4960215249061585 0.49478179931640626
