0 0.5904469604492187 0.3822994842529297 0.04859745279947917 0.08411819458007813
0 0.8319627278645834 0.4211602783203125 0.095205078125 0.1839532470703125
0 0.4311777954101563 0.3732566223144531 0.035950398763020835 0.067017822265625
0 0.37491646321614586 0.3609246978759766 0.028207438151041667 0.040440460205078126
2 0.48748103841145835 0.3845905456542969 0.023471028645833333 0.0539095458984375
1 0.3751412353515625 0.4350926971435547 0.058040120442708336 0.21423818969726563
1 0.4273152872721354 0.4811057586669922 0.07112910970052083 0.3049405822753906
1 0.49189522298177085 0.48620809936523435 0.074701904296875 0.29533770751953126
1 0.5827742106119792 0.5649372253417969 0.11518050130208334 0.47014178466796874
1 0.8324559733072917 0.6585160826444626 0.2703722330729167 0.6829678342342377
