0 0.912 0.561069 0.036 0.058524
0 0.743 0.536896 0.046 0.07124699999999998
0 0.64 0.53944 0.044 0.07124699999999998
0 0.565 0.552163 0.038 0.07633599999999999
0 0.521 0.540712 0.042 0.06870200000000001
0 0.47 0.547074 0.04 0.06106899999999997
0 0.399 0.559796 0.038 0.06615799999999998
0 0.299 0.554707 0.034 0.07124699999999998
0 0.259 0.552163 0.038 0.07633599999999999
1 0.923 0.685751 0.082 0.32824400000000004
1 0.846 0.6908399999999999 0.1 0.3587789999999999
1 0.741 0.694656 0.102 0.38167900000000005
1 0.652 0.687023 0.088 0.36641199999999996
1 0.556 0.7010179999999999 0.1 0.37913499999999994
1 0.4 0.7022899999999999 0.1 0.36641199999999996
1 0.249 0.698473 0.118 0.38931299999999996
