0 0.14224081802368163 0.7670434073334128 0.051479759216308596 0.07201558275683842
0 0.289269287109375 0.6583066168632216 0.064660888671875 0.08878569081236085
0 0.3843484191894531 0.6078480145403446 0.062830322265625 0.08776067292113947
0 0.4570226287841797 0.5810558911194935 0.058949920654296876 0.08934351020793575
0 0.4936693115234375 0.5480252331449785 0.0601939697265625 0.08440626304568226
0 0.5423628234863281 0.5277109510115995 0.05594671630859375 0.07639493287064647
0 0.6113756103515625 0.5029679121255268 0.0557274169921875 0.08002784476632077
0 0.7012922058105469 0.44706046611601463 0.05367755126953125 0.08263569994433842
0 0.7370978393554688 0.4242321528854564 0.058949951171875 0.08934351020793575
1 0.1716493225097656 0.8577849796710123 0.17898077392578124 0.2844300400513122
1 0.24373701477050783 0.8310895923136451 0.20512368774414064 0.33782081476604664
1 0.3410494613647461 0.8004336755997655 0.2142047882080078 0.3991326481938059
1 0.4200924987792969 0.7490774838979007 0.19655706787109375 0.38046862575540713
1 0.5123903045654297 0.7126871938923843 0.21156875610351564 0.39826367404928037
1 0.6555765075683594 0.6339021056662989 0.20754046630859374 0.38661861662342956
1 0.7925750122070313 0.5530215741417184 0.231266357421875 0.4168043452061466
