0 0.1007573013305664 0.3568869729078453 0.05080303955078125 0.07155492651553555
0 0.2642618179321289 0.4164021809895833 0.06385746765136718 0.08816380779858461
0 0.3587420654296875 0.4686500607556059 0.06200811767578125 0.08719493293276877
0 0.42428504943847656 0.5167463851035703 0.057983062744140626 0.08899407229047392
0 0.46839776611328127 0.5274725372858023 0.0593970947265625 0.08387278782502386
0 0.5136522369384766 0.5580608571758707 0.05526339721679688 0.07584588824944338
0 0.575496826171875 0.6042185581974098 0.05493701171875 0.07958273851234494
0 0.6694873657226562 0.6479551203681616 0.0527613525390625 0.08235071390943066
0 0.7072357788085938 0.6649796386408139 0.0579830322265625 0.08899411111690919
1 0.07015046691894532 0.46684873741091665 0.14030093383789063 0.3432418590283576
1 0.12294877338409424 0.508854912134224 0.19984085655212402 0.3801963747912691
1 0.21889767074584962 0.563247816556586 0.20854358673095702 0.40234029444726066
1 0.3034781494140625 0.5993033838636093 0.19102911376953124 0.3814413832647503
1 0.3880586700439453 0.658748752894899 0.20593289184570313 0.39901904234752705
1 0.5319273681640625 0.7354948708725946 0.202125244140625 0.38725447715390426
1 0.6726957092285156 0.7982690630068305 0.22562310791015625 0.4034618733796758
