0 0.16701354217529296 0.8146586721483381 0.05416056823730469 0.07357625014909351
0 0.30394692993164063 0.686347495508558 0.0678182373046875 0.09095259416497695
0 0.394184326171875 0.6231144135841583 0.06608544921875 0.08968196024421517
0 0.46415780639648435 0.586489165405584 0.06288446044921875 0.09027918847159272
0 0.49778485107421877 0.5486143272341663 0.063353759765625 0.0862062954113987
0 0.5444681701660157 0.5217254095101781 0.05862506103515625 0.07832247124980121
0 0.6109756469726563 0.4876405361651161 0.0588896484375 0.0814609673187023
0 0.6956179809570312 0.4197002148810234 0.0574215087890625 0.0833288294668416
0 0.7292753601074219 0.39208359269392096 0.06288446044921875 0.09027914964515744
1 0.20642004013061524 0.8807143192861523 0.19987818145751954 0.23857136082103234
1 0.27513001251220703 0.8489865600001114 0.22745811462402343 0.30202687939311407
1 0.367599479675293 0.8120079718473303 0.2381790313720703 0.37598405569867627
1 0.44171293640136716 0.7586036662715688 0.22005728149414064 0.37336579533933684
1 0.5303799896240234 0.7097389085298883 0.23544766235351564 0.3920126956231115
1 0.6660372009277343 0.6117322693647622 0.23045404052734375 0.38098959886390743
1 0.7953650512695313 0.5124930655986601 0.2550377197265625 0.4122666220628578
