0 0.09177555847167969 0.4065008964247376 0.04778861999511719 0.06928802567887246
0 0.259026985168457 0.4456931737846394 0.060258102416992185 0.08515277891668654
0 0.35702493286132814 0.4861144243002545 0.058343994140625 0.08441519312579517
0 0.4259058532714844 0.5259512398989146 0.0537611083984375 0.08707286262026877
0 0.4706256866455078 0.5312191523971752 0.05585000610351563 0.08124179209158318
0 0.5179864044189453 0.55611685638816 0.052196746826171876 0.07319893485110528
0 0.5830392761230468 0.5944774909177203 0.05144207763671875 0.07733185358023219
0 0.6799051513671875 0.6264871107106293 0.0487733154296875 0.08072718651846772
0 0.718767333984375 0.6388043313839357 0.0537611083984375 0.08707282379383349
1 0.06473680877685548 0.5217727195215589 0.12947361755371095 0.34439215041298904
1 0.12537424659729005 0.5550408399742068 0.17745194625854493 0.380254420312003
1 0.2249964828491211 0.5974171179851503 0.18458369445800782 0.40290882993897104
1 0.31191429138183596 0.6229351519325004 0.16770632934570312 0.38313409936337073
1 0.4006037139892578 0.6717341571060452 0.18208993530273437 0.3997364383920762
1 0.5496158294677734 0.7304845523591563 0.17919107055664063 0.38755980824089536
1 0.6950021362304688 0.7825204009621501 0.2016361083984375 0.41611595250874683
