2 0.7005899999999999 0.488 0.05211400000000004 0.18
2 0.934612 0.479 0.036382000000000116 0.09
2 0.512783 0.513 0.01868199999999989 0.038
0 0.2792529999999999 0.434 0.06096399999999993 0.188
0 0.101278 0.461 0.106195 0.278
1 0.933137 0.695 0.10816099999999998 0.538
1 0.699115 0.6969999998807908 0.19075699999999998 0.6059999997615815
1 0.272861 0.6669999998807907 0.13471000000000005 0.6659999997615814
1 0.09931199999999991 0.6609999998807907 0.19862300000000002 0.6779999997615814
1 0.515733 0.592 0.0403149999999999 0.216
