2 0.3106870848169017 0.3645934600830078 0.07653997640694137 0.20369802856445313
2 0.08907473403795631 0.2113825454711914 0.0481067908783109 0.10823033142089844
2 0.4858793485598344 0.5044848175048828 0.023475459426084685 0.04774960327148438
0 0.7201692024163441 0.5735525360107422 0.08616657688437193 0.2167894592285156
0 0.8856955859278977 0.709272705078125 0.14270397625138273 0.3304888916015625
1 0.07496052669798964 0.41808113098144534 0.14992105339597928 0.5794104919433594
1 0.2808699931366957 0.5646230239868164 0.27226737443441956 0.6952434539794922
1 0.691451291184627 0.7203014067411423 0.22783379568814527 0.5593971860408783
1 0.8562160255048596 0.7583404844999313 0.28756794875584757 0.48331903052330016
1 0.47126707003883206 0.57792626953125 0.07067682046805863 0.2307034912109375
