2 0.3100372134408416 0.3684127044677734 0.07585820710998956 0.20322964477539063
2 0.08768992016097438 0.21967239379882814 0.04779649882658862 0.1077977294921875
2 0.48590185414842213 0.5047689971923828 0.023354289337128197 0.04750314331054688
0 0.7205164486445275 0.5691148986816407 0.08547388487509218 0.21617474365234374
0 0.8866954042027716 0.701494873046875 0.14172723370667403 0.329271484375
1 0.07422730212366335 0.42698240661621095 0.1484546042473267 0.5789254455566406
1 0.2811953039178689 0.5690329666137696 0.27001747573957563 0.6933725433349609
1 0.6928997808735865 0.7185202635526657 0.22513918656280726 0.5629594724178314
1 0.8578235846939575 0.7551810454130172 0.28435283037765186 0.4896379086971283
1 0.471647804582834 0.5785011291503906 0.06979292097813729 0.23056854248046876
