2 0.744211 0.295597 0.029474000000000042 0.09434000000000003
2 0.864211 0.312893 0.033684000000000054 0.11635199999999997
2 0.934737 0.216981 0.027367999999999986 0.10062900000000001
2 0.6378949999999999 0.19339600000000004 0.021053000000000027 0.07861600000000002
2 0.548421 0.193396 0.018946999999999974 0.07232699999999997
0 0.3031580000000001 0.294025 0.018946999999999974 0.07861599999999999
2 0.257368 0.289308 0.015789 0.06918200000000001
0 0.2410529999999999 0.29717 0.018946999999999974 0.07861599999999999
0 0.16105300000000003 0.331761 0.02947399999999992 0.12264200000000001
0 0.104211 0.294025 0.02947399999999992 0.11635199999999997
1 0.937895 0.438679 0.05894700000000009 0.581761
1 0.8684209999999999 0.622641749812564 0.08842100000000001 0.754716499625128
1 0.746316 0.548742 0.07789500000000005 0.619497
1 0.6405259999999999 0.3962260000000001 0.064211 0.509434
1 0.544211 0.355346 0.054736999999999904 0.408805
1 0.3063160000000001 0.433962 0.04631599999999995 0.3710689999999999
1 0.24315799999999999 0.422956 0.048420999999999895 0.380503
1 0.16789500000000004 0.603774 0.07684200000000002 0.6918240000000001
1 0.094211 0.503145 0.05789500000000005 0.5534590000000001
