2 0.2564499142295436 0.28867655580148754 0.029772611919202302 0.09517211434226366
2 0.13640033119603207 0.3025666842670561 0.03405242919921875 0.1173025407131363
2 0.06618246178877982 0.20465778254862851 0.027686715377004522 0.1014010471367986
2 0.36308606599506577 0.18949696402879632 0.021302040501644737 0.07920984951954968
2 0.452556007786801 0.19203584898942672 0.01917612176192434 0.0728613775481218
0 0.6974879857113487 0.29961983062936076 0.019196134868421054 0.07915007393315153
2 0.7432909513774671 0.2962023657073015 0.01600830078125 0.06962691013168239
0 0.7595801744962993 0.3045269588254533 0.01919607062088816 0.07915009792495824
0 0.8394666169819079 0.34138645915865146 0.029862638774671053 0.1234728015443814
0 0.8964260382401316 0.3052651027463517 0.029842593544407894 0.11718308550756683
1 0.06231971941496196 0.426256185807522 0.060794023212633636 0.5834074320283326
1 0.13120568927965667 0.6121822453144962 0.09081661023591694 0.7571919519196516
1 0.25354014346474096 0.5417503620843468 0.07986114501953125 0.6216793180261768
1 0.35981027703536184 0.39224315739277776 0.06582782946134869 0.5112330478692205
1 0.45625093158922697 0.35409802610769214 0.05603432103207237 0.41033978732127063
1 0.6938852410567434 0.43946092233717815 0.04749370374177632 0.37236651534554344
1 0.7570753880550987 0.4302475647356525 0.04962864925986842 0.38185983333947526
1 0.8317600932874177 0.6131930321267566 0.0790381501850329 0.6939732293662785
1 0.9057607229132402 0.5146594257474696 0.059652099609375 0.5550768390391607
