2 0.2501812663831209 0.36940241159882936 0.03247746517783717 0.10265386329506929
2 0.1313575624164782 0.4223773884323408 0.037401580810546876 0.12581082709930227
2 0.057980396873072576 0.3479637529865001 0.030592004876387746 0.10828380464757763
2 0.3525537912469161 0.2360244487066689 0.023573415655838814 0.0844984954258181
2 0.44158138877467107 0.2093572736536182 0.021267860814144737 0.07761321877533535
0 0.6889812589946546 0.23638507555115898 0.02147788599917763 0.08387080978297587
2 0.7343853117290297 0.21804417304272922 0.01802059775904605 0.0735426848789431
0 0.7508814761513158 0.2210043541290475 0.021477821751644737 0.08387082177887922
0 0.8316375732421875 0.23157925275886584 0.033422658819901314 0.13081466626821073
0 0.8869357460423519 0.177090105020775 0.03321256938733553 0.12455604361288203
1 0.06224185843216745 0.5694969225229707 0.07808107677258944 0.5964273896607213
1 0.13751278124357524 0.6715916445795095 0.11318398726613899 0.656816710091237
1 0.2565406638697574 0.6219117746413129 0.09819475675884046 0.6396223344143082
1 0.3567095144171464 0.4386266792345347 0.08090341668379934 0.5260301026158363
1 0.4511787976716694 0.3692445215189232 0.06811616596422697 0.4230794606718627
1 0.6905123098273026 0.37656512950201454 0.05847694798519737 0.38302190048889545
1 0.752987703022204 0.34679016976986293 0.06088648745888158 0.39303622455716886
1 0.8339136705900494 0.5042743742840845 0.09956241005345395 0.7112747408309072
1 0.9038695325349506 0.3821863408358592 0.07608918842516448 0.5679529957801291
