2 0.24734777350174753 0.5659486782625787 0.03871529027035362 0.11932651351832743
2 0.1370950558311061 0.7085290824842153 0.04525279798005757 0.14435932471317314
2 0.059778458444695724 0.6930607249901729 0.037486765008223684 0.12299342125466785
2 0.33477473208778785 0.35832884926466074 0.028979331568667763 0.09574249555479805
2 0.41850300035978616 0.26408658537474816 0.026266318873355263 0.08763916687395587
0 0.6598922247635691 0.09991988595926536 0.02700857062088816 0.09352424309688544
2 0.70218505859375 0.04727552409441966 0.022939967105263158 0.08136982213026323
0 0.7183802233244243 0.042105164917759924 0.02700857062088816 0.08421032983551985
0 0.7973253752055921 0.029229994839842215 0.04205553556743421 0.05845998967968443
1 0.0829880774648566 0.8003014856539432 0.12382111198023746 0.3993970279423696
1 0.16971201444927014 0.8015645103259657 0.17181466353567024 0.39687097859832476
1 0.27525415520918994 0.7370870576339698 0.1460059396844161 0.5258258839823166
1 0.35625069066097864 0.5509050237307759 0.12021102102179276 0.5443528373286409
1 0.44155601099917763 0.4112023287599192 0.09946918688322369 0.44020697155838495
1 0.6734524054276316 0.2341968998219232 0.08713533100328948 0.39602447005937685
1 0.7312557180304277 0.18045433812171408 0.0902185701069079 0.36090867624342815
1 0.8230257375616776 0.3057367576743072 0.15355661492598685 0.6114735153486144
1 0.8801017680921053 0.18248878335053065 0.11949642783717106 0.3649775667010613
