0 0.9204549999999999 0.415068 0.040909000000000056 0.07397299999999993
0 0.8636359999999998 0.435616 0.03333299999999998 0.071233
0 0.750758 0.410959 0.03787899999999998 0.07671200000000006
0 0.6651520000000001 0.419178 0.03333299999999998 0.06027399999999993
0 0.587121 0.427397 0.031817999999999944 0.08219200000000007
2 0.4946970000000001 0.4041100000000001 0.022727 0.06301400000000001
0 0.4499999999999999 0.428767 0.024242000000000038 0.08493200000000001
0 0.39015200000000005 0.428767 0.03484800000000002 0.07945199999999998
0 0.323485 0.42328800000000005 0.02878800000000004 0.08493200000000001
0 0.27651499999999996 0.428767 0.02878800000000004 0.07945199999999998
1 0.9159090000000001 0.587671 0.07424200000000004 0.4246579999999999
1 0.855303 0.5767119999999999 0.05909099999999994 0.3863009999999999
1 0.7515149999999999 0.5876710000000002 0.10606099999999986 0.43013700000000005
1 0.6439389999999999 0.579452 0.1 0.40273999999999993
1 0.5863640000000001 0.569863 0.06969700000000001 0.4054789999999999
1 0.508333 0.565753 0.05606100000000004 0.4191779999999999
1 0.440152 0.594521 0.08030300000000008 0.44383599999999995
1 0.33181799999999995 0.587671 0.07575799999999996 0.41917800000000005
