0 0.15637676932594993 0.9462737201011344 0.05777820240367543 0.10447571636879281
0 0.20617352109966855 0.8926998608732877 0.051138444380326706 0.0932640598244863
0 0.28084188519102155 0.7376560785999037 0.05654340801816998 0.10283876183914811
0 0.34744307778098366 0.6400569340954089 0.047078242446437026 0.08512778086205051
0 0.40842038934881036 0.5516339863816353 0.05407384236653646 0.09956506180436644
2 0.4684107462565104 0.4223848525791952 0.04021920868844697 0.07431414878531678
0 0.5107301654237689 0.38654591808580374 0.04946437026515151 0.09242187918049015
0 0.5551628575180516 0.3140474502354452 0.05530825528231534 0.10120122204088185
0 0.6026282339385062 0.22922085278654752 0.05283947568951231 0.09792885976294949
0 0.6395299275716145 0.17639021154952375 0.05080917820785985 0.09386034403761773
1 0.2236996217207475 0.9331528335401457 0.212450952240915 0.1336943322665071
1 0.2646348895448627 0.9040840460829539 0.1869915586529356 0.19183190718089063
1 0.3457499879779238 0.8229281489163229 0.2381041093306108 0.35414370151415264
1 0.42257216482451465 0.7333515742053724 0.22345400723544034 0.42014235405072775
1 0.46176469976251777 0.6564874518407534 0.20197099627870502 0.3854674456870719
1 0.5181742119066644 0.5589111537149508 0.19692257967862217 0.3791195804125642
1 0.5794518441864939 0.49767638951131743 0.22405603582208808 0.42679261508053296
1 0.6573439858176492 0.3613574615896565 0.2115462332060843 0.4029802087235124
