0 0.2640534834428267 0.021046656778413955 0.05135955810546875 0.04209331355682791
0 0.35450215195164536 0.12012432046132544 0.056731345436789773 0.10274811836138163
0 0.4127221540971236 0.23390541599221426 0.0471354629054214 0.08523122709091395
0 0.465510166052616 0.3381399180791149 0.0544972275242661 0.09903930246013484
2 0.5407632076379024 0.4379205782119542 0.04058597449100379 0.07382958817155394
0 0.5633114439068418 0.5119327074860873 0.05012059067234848 0.09145624866224315
0 0.6062283833821615 0.5873577379200556 0.055613893451112686 0.10089303630672089
0 0.6561470956513376 0.6674476100973887 0.05338056159741951 0.09718552680864725
0 0.6877174146247632 0.7305717990822989 0.051268329042376895 0.09325578245398117
1 0.16795954848780775 0.1188760522293718 0.21692167339902935 0.2377521044587436
1 0.2156441659638376 0.14148681849649508 0.1912723425662879 0.28297363699299016
1 0.28584635185472895 0.24589033126831056 0.24185090498490766 0.44211709270738575
1 0.36615701155229047 0.3755720164677868 0.22694454771099667 0.41483221184717467
1 0.41114002574573866 0.4412561599522421 0.20626997514204545 0.3786061117093857
1 0.4686801679206617 0.5366495001805972 0.2017717997233073 0.3712444566700557
1 0.506484199292732 0.6432059510113441 0.22866007486979167 0.41947840860445207
1 0.5868107188831676 0.7748246702429367 0.2158966064453125 0.396068332619863
