0 0.10924279184052438 0.7932293199513056 0.055588693329782196 0.10051679219285102
0 0.16447378794352213 0.7615432112184289 0.0482243740197384 0.09149512722067638
0 0.2566896265203303 0.6412779507571704 0.053668698397549716 0.10026546112478596
0 0.3338230364250414 0.5736330424269585 0.04529416633374763 0.08190203104933648
0 0.4043256239457564 0.5126103649400685 0.04982838486180161 0.09976363508668665
2 0.4790031895493016 0.4114259484696062 0.03674274791370739 0.07502842733304795
0 0.5247217582933831 0.3939340878839362 0.04392926765210701 0.09553895715164812
0 0.5771101518110795 0.3416130483966984 0.051748102361505684 0.10001406734936857
0 0.6340026161887429 0.2785345730716235 0.047908667362097535 0.09951324462890625
0 0.6765831456039891 0.24226795353301583 0.046443453702059656 0.09471627849422089
1 0.159372295032848 0.8610141282212245 0.17853217847419509 0.27797174290434956
1 0.20949400699499882 0.8414311655580181 0.1550138300115412 0.3171376682307622
1 0.3032757499001243 0.7810015742092916 0.2078501152269768 0.4379968509282151
1 0.3952456387606534 0.6953849269919199 0.19521928267045455 0.4399646079703553
1 0.44308042815237336 0.6366572340873823 0.16942561756480823 0.4158702693573416
1 0.510286504572088 0.5648423286333476 0.1611520478219697 0.41594071061643834
1 0.5776611559318774 0.5304185945693761 0.18896544485381156 0.45871847492374784
1 0.6706605622262666 0.42971336678282857 0.1783940633138021 0.4331605885126819
