0 0.10398464780865294 0.7691783748260916 0.055015032219164296 0.09947952897581336
0 0.1597763986298532 0.7408860925125749 0.04757593328302557 0.09082353147741866
0 0.2541877168597597 0.6263258842572774 0.053001796838009 0.09943513217037671
0 0.33254155245694245 0.5634340887200342 0.04482673876213305 0.08105686135488013
0 0.4041445761015921 0.5067554630645333 0.04897495616566051 0.09934750909674657
2 0.4806709289550781 0.4101932264354131 0.03606202096650095 0.07479937827750428
0 0.5266903732762193 0.39550570135247215 0.04291053540778882 0.09557532741598887
0 0.5800268693403764 0.3464166092546019 0.05098789099491004 0.09939090258454623
0 0.638065985477332 0.2868514701111676 0.04696197509765625 0.09930413651139769
0 0.6813000996907552 0.25320813949793985 0.0455872969193892 0.0944203206937607
1 0.15133543014526368 0.8497990436749916 0.1726946108268969 0.3004019119968153
1 0.20259828278512665 0.8317130518286195 0.1495697715065696 0.3365738956895593
1 0.2978432395241477 0.7746331618256765 0.2024261474609375 0.4507336756954454
1 0.3916530840324633 0.6888705945994756 0.1901517694646662 0.4409445984722817
1 0.4405583583947384 0.6331001804299551 0.16383280898585464 0.41853014802279537
1 0.5090684832948627 0.5654340143073096 0.15511696555397728 0.4195540336713399
1 0.5770481456409801 0.5351479517270441 0.18290719696969698 0.4614132815844392
1 0.6718769189083215 0.44018444949633456 0.1726710001627604 0.4357101858478703
