0 0.948667 0.189 0.030666999999999917 0.05
2 0.7133329999999999 0.59 0.03466699999999991 0.068
0 0.805333 0.433 0.04 0.054
0 0.754 0.369 0.03066700000000007 0.054
2 0.7333329999999999 0.233 0.029333000000000085 0.054
2 0.638667 0.282 0.02666700000000007 0.052
2 0.48 0.326 0.034667000000000066 0.068
0 0.5353330000000001 0.424 0.03066700000000007 0.06
2 0.438667 0.535 0.03733299999999993 0.062
0 0.27066699999999994 0.494 0.03733299999999993 0.064
0 0.3126670000000001 0.38 0.036 0.064
2 0.24 0.417 0.034667000000000066 0.062
1 0.934 0.272 0.12933299999999992 0.228
1 0.742 0.727 0.24133299999999994 0.35
1 0.447333 0.651 0.2013330000000001 0.318
1 0.29333299999999995 0.599 0.19733299999999993 0.286
1 0.809333 0.53 0.184 0.276
1 0.644667 0.386 0.11866699999999991 0.264
1 0.550667 0.547 0.104 0.322
1 0.746 0.303 0.15333299999999994 0.21
1 0.342 0.467 0.10533299999999993 0.246
