2 0.3002885335286458 0.35591957092285154 0.05598250325520834 0.08539669799804687
0 0.3004821065266927 0.14689105224609375 0.05381162516276042 0.08018380737304688
0 0.3672037353515625 0.14979493713378905 0.04681022135416667 0.07092678833007812
2 0.4426599527994792 0.06826985931396484 0.04580948893229167 0.0696036376953125
2 0.4920755615234375 0.19892374420166015 0.042927897135416664 0.06545899963378907
2 0.5917072347005208 0.38930670166015624 0.05598250325520834 0.08539666748046874
0 0.5069968465169271 0.4079413299560547 0.0494552001953125 0.07542782592773438
2 0.5305815836588542 0.5870898132324218 0.05533748372395833 0.08353997802734375
0 0.6746848754882813 0.7229649047851563 0.0562191162109375 0.085040283203125
0 0.6934316813151041 0.595786865234375 0.05521915690104166 0.0837181396484375
2 0.7316341145833334 0.6956187133789062 0.053337565104166665 0.0808956298828125
1 0.27493233235677084 0.02407668685913086 0.19753076171875 0.04815337371826172
1 0.2183900833129883 0.43025994873046874 0.3353311614990234 0.5019295654296875
1 0.47294472249348957 0.6655146636962891 0.2912177327473958 0.4382496032714844
1 0.6113946533203125 0.7792518005371094 0.274110595703125 0.4102765502929687
1 0.2547212880452474 0.2156906156539917 0.2597002461751302 0.38955034828186036
1 0.44172857666015625 0.27099080276489257 0.20539912923177084 0.3157471542358398
1 0.4412720438639323 0.4850037231445313 0.21996421305338543 0.344709716796875
1 0.4022996520996094 0.13151449584960936 0.20760007731119792 0.26302899169921873
1 0.633074951171875 0.6319579010009766 0.18746142578125 0.28901852416992185
