0 0.015736695607503254 0.3801603393554687 0.03147339121500651 0.06047454833984375
2 0.3104597880045573 0.6722420654296875 0.045520894368489585 0.07942333984375
0 0.19383505757649738 0.5578304443359375 0.04816574096679688 0.0680701904296875
0 0.23189908854166666 0.4755810546875 0.039172159830729164 0.06432904052734376
2 0.22758511352539063 0.3362427673339844 0.03788665771484375 0.0637943115234375
2 0.3275379333496094 0.3455135040283203 0.03496132405598958 0.060798370361328125
2 0.4882732950846354 0.32431109619140625 0.0455208740234375 0.07942327880859375
0 0.4524120890299479 0.4409273681640625 0.0402410888671875 0.07011083984375
2 0.565337890625 0.5091415557861328 0.04702099609375 0.07471017456054688
0 0.7199235026041667 0.402289306640625 0.04737727864583333 0.076637451171875
0 0.65914111328125 0.3092711944580078 0.0460927734375 0.07610311889648437
2 0.735757080078125 0.31579673767089844 0.04445198567708333 0.07364151000976563
1 0.06189440409342448 0.45426240539550783 0.12378880818684895 0.2715514831542969
1 0.30724287923177085 0.7993728941679001 0.29491097005208333 0.40125421118736265
1 0.5776532592773438 0.6243965759277343 0.2506646728515625 0.38713970947265625
1 0.716788330078125 0.5125563507080078 0.24110921223958334 0.3547001647949219
1 0.2072617645263672 0.6529060821533204 0.22647948201497395 0.33971920776367187
1 0.34028445434570315 0.4481362762451172 0.16138470458984375 0.3019667053222656
1 0.459549072265625 0.5656007080078125 0.157584228515625 0.35197802734375
1 0.2278497823079427 0.40877456665039064 0.18516945393880208 0.26382659912109374
1 0.6463745727539062 0.4048653564453125 0.14532881673177084 0.2792763671875
