0 0.11933862813313802 0.02858520317077637 0.03817664591471354 0.05717040634155274
2 0.2784161885579427 0.5051049957275391 0.04511460367838541 0.07904379272460937
0 0.21626758829752604 0.31801547241210937 0.04788128662109375 0.067557373046875
0 0.2768106486002604 0.27585347747802735 0.038859130859375 0.06397444152832031
2 0.31999369303385417 0.15231689453125 0.03756953938802084 0.06346234130859375
2 0.403146484375 0.23602681732177735 0.034651123046875 0.060505508422851566
2 0.5490218098958334 0.33947293090820313 0.04511458333333333 0.07904376220703126
0 0.4788108927408854 0.4129669799804688 0.039882853190104164 0.069774658203125
2 0.5533186238606771 0.5573797912597657 0.0466680908203125 0.07426702880859375
0 0.7227188720703125 0.5822397155761718 0.04700935872395833 0.07620050048828125
0 0.701568359375 0.4559128570556641 0.045720703125 0.07568875122070312
2 0.7655022379557291 0.5195771026611328 0.04409090169270833 0.07324362182617188
1 0.11935567220052083 0.12400564575195312 0.163927001953125 0.24801129150390624
1 0.22732897186279297 0.6265371246337891 0.2930125478108724 0.4309899597167969
1 0.5251492716471354 0.6661895904541015 0.2488848876953125 0.38469992065429687
1 0.6828925984700521 0.6750413360595703 0.2395582275390625 0.3522300720214844
1 0.19585065205891927 0.4102493438720703 0.2249630839029948 0.3374446716308594
1 0.37960179646809894 0.3342597503662109 0.15975856526692708 0.3007632751464844
1 0.4430013020833333 0.5259838562011718 0.15547599283854166 0.35120098876953126
1 0.29580514526367185 0.2151227569580078 0.18405653889973958 0.26186984252929685
1 0.6583683268229167 0.5287545318603516 0.14379752604166668 0.2782438659667969
