2 0.28068761189778646 0.4522574462890625 0.05009250895182292 0.0832598876953125
0 0.23913479614257813 0.2527378387451172 0.05117454020182292 0.07371627807617187
0 0.30337324015299477 0.22553266143798828 0.04264617919921875 0.0680297088623047
2 0.3590870768229167 0.11385024642944336 0.041427164713541666 0.06721689605712891
2 0.43232232666015624 0.21630545043945312 0.03844942220052083 0.06376495361328124
2 0.5653946736653646 0.3531873474121094 0.05009248860677083 0.0832598876953125
0 0.4882939249674479 0.4090240325927734 0.04427095540364583 0.07351242065429688
2 0.5465672200520834 0.5693525085449219 0.05090388997395833 0.07940155029296875
0 0.7111858723958333 0.634249267578125 0.051445475260416665 0.0812291259765625
0 0.7036779581705729 0.5044872741699219 0.0502274169921875 0.08041693115234375
2 0.7600604248046875 0.5825731506347657 0.048467692057291664 0.07777716064453125
1 0.16515942637125652 0.08539731597900391 0.17992467753092448 0.17079463195800781
1 0.21739270528157553 0.559979248046875 0.31530606079101564 0.4668682861328125
1 0.5072356974283854 0.6700713958740234 0.27008907063802085 0.41325527954101565
1 0.6620401204427083 0.7163863220214843 0.25776839192708334 0.3815769653320312
1 0.20921216837565104 0.3389377899169922 0.24287689208984375 0.36431533813476563
1 0.398676513671875 0.3076832962036133 0.179927001953125 0.3135427093505859
1 0.4409737141927083 0.5120766296386718 0.18223087565104168 0.3576056518554688
1 0.3285562540690104 0.17009723377227784 0.19698116048177083 0.28532024192810057
1 0.6533144124348959 0.5661140594482422 0.16286824544270834 0.28897024536132815
