0 0.834375 0.172336 0.11875 0.199546
0 0.470313 0.281179 0.078125 0.14512499999999995
0 0.14921900000000007 0.354875 0.06406199999999984 0.138322
0 0.310937 0.429705 0.053125 0.10657600000000003
0 0.607812 0.463719 0.059375 0.09750600000000006
1 0.14531200000000002 0.6405897498648421 0.15 0.7188204997296842
1 0.3070310000000001 0.660998 0.148438 0.5736960000000001
1 0.47656200000000004 0.603174749864842 0.165625 0.7936504997296842
1 0.603125 0.680272 0.09375 0.539683
1 0.8257809999999999 0.5340137498648421 0.329688 0.9319724997296842
