0 0.1006812334060669 0.5837234012664311 0.1803508520126343 0.2635804260669111
0 0.4205960869789124 0.3090556224727847 0.12506606578826904 0.18365639407618517
0 0.6924214124679565 0.06637338824282968 0.11150450706481933 0.13274677648565936
0 0.6073819398880005 0.2634861831492037 0.08870081901550293 0.1307274608655311
0 0.403385853767395 0.5783422387916756 0.08912510871887207 0.13011210954108207
1 0.8028268097899854 0.2986029454099348 0.3943463800475001 0.5972058908198696
1 0.7174305200576783 0.4308840260754367 0.3756690502166748 0.5695042858859038
1 0.565150010585785 0.5535030581242913 0.49029572010040284 0.7490911159385629
1 0.507183575630188 0.7340670734846673 0.3194295406341553 0.49096482465056335
1 0.30625936985015867 0.6686390466700876 0.6125187397003173 0.6627219061191931
