0 0.1014264814555645 0.4091046564703355 0.16586096435785294 0.2538047669425843
0 0.46292753219604493 0.28356476003080267 0.11316556930541992 0.17951437675493376
0 0.7752447605133057 0.1526462226227568 0.0984419822692871 0.16469694211099153
0 0.6506666898727417 0.31996012058387807 0.07925896644592285 0.1292157335346248
0 0.39176305532455447 0.5335105671093308 0.0822678804397583 0.12484945353466907
1 0.8446622370742262 0.4089800776267538 0.31067552547901867 0.743288416440795
1 0.7218057632446289 0.5270109025258867 0.30210170745849607 0.6109040448454772
1 0.5513808369636536 0.5790058404139651 0.3819539785385132 0.8206715486487564
1 0.45930119752883913 0.7267322497032668 0.2426358938217163 0.5464380657862103
1 0.25019857883453367 0.6039405094793324 0.5003971576690673 0.7921189805007035
