0 0.25439507365226743 0.07869776684681033 0.15619908571243285 0.15739553369362067
0 0.5759336948394775 0.3061055380200583 0.10578536987304688 0.17357213372816574
0 0.8643921852111817 0.5236561055086097 0.0909616470336914 0.16065297375460602
0 0.694668960571289 0.5202658517020089 0.07365694046020507 0.12551340116124574
0 0.40566468238830566 0.41601214765691436 0.07760457992553711 0.11978478118135275
1 0.8057161092758178 0.710533245755972 0.2992149829864502 0.5789335079474244
1 0.6478742599487305 0.7176203650682151 0.2660475730895996 0.5647592693229381
1 0.4997035384178162 0.5970888547345895 0.3303729295730591 0.8058222899901893
1 0.3628289818763733 0.6235620580833244 0.20675122737884521 0.5549846830822173
1 0.22083525657653807 0.45011576611438847 0.44167051315307615 0.9002315322287769
