0 0.12619586884975434 0.7203515154434169 0.18034523129463195 0.25429391320330214
0 0.3913408756256104 0.34229055391687924 0.12656965255737304 0.17501339728599774
0 0.6124326229095459 0.036780471974759955 0.11484079360961914 0.07356094394951991
0 0.5651324987411499 0.23299902745114973 0.09058232307434082 0.12340626965304351
0 0.41916441917419434 0.6097015588461947 0.08887548446655273 0.1258836949493339
1 0.7653254746459425 0.22079062948421557 0.46934905033558605 0.44158125896843115
1 0.6996469497680664 0.35717710724222956 0.4109642028808594 0.49855952360192124
1 0.5720936775207519 0.5292490226070897 0.5463920593261719 0.641837745026396
1 0.5456803679466248 0.7247248020301871 0.3610289812088013 0.41370459316539115
1 0.34820148944854734 0.7266128953892628 0.6964029788970947 0.5467742086808427
