2 0.78875 0.335586 0.0325 0.06756800000000006
2 0.82875 0.554054 0.0275 0.07207200000000005
2 0.66125 0.436937 0.0425 0.07207200000000005
2 0.4825000000000001 0.536036 0.035 0.07207200000000005
2 0.13875 0.396396 0.0325 0.08108099999999994
0 0.37 0.252252 0.035 0.06306299999999997
0 0.205 0.513514 0.04 0.09008999999999998
0 0.165 0.594595 0.035 0.07207199999999998
1 0.84 0.7162159999999999 0.24 0.39639599999999997
1 0.80875 0.472973 0.2075 0.35135099999999997
1 0.665 0.576577 0.225 0.35135100000000014
1 0.50375 0.702703 0.2575 0.414414
1 0.39125 0.38063100000000005 0.2075 0.33783799999999997
1 0.17875 0.75 0.2575 0.39189199999999996
1 0.2025 0.668919 0.26 0.400901
