2 0.4064303398132324 0.012265451319582827 0.04940525054931641 0.024530902639165655
2 0.28451454162597656 0.049396146525133834 0.04853340148925781 0.08221012622386485
2 0.43476118087768556 0.22691877897795257 0.05725154876708984 0.10420343897364161
2 0.4938961410522461 0.5466034004280159 0.0528924560546875 0.09320680085603181
2 0.7567531967163086 0.9610342418288326 0.05550819396972656 0.07793151526837735
0 0.6874485778808593 0.5466152053695541 0.048823699951171876 0.08797059617601
0 0.6653536796569824 0.9403900627617363 0.06393604278564453 0.11101009609462979
0 0.6519832038879394 0.9997803625222799 0.052892417907714845 0.00043927388148264844
1 0.2047381854057312 0.20914637935054195 0.3185160303115845 0.4182927587010839
1 0.33275761604309084 0.1429102356369431 0.2792828941345215 0.2858204712738862
1 0.3695155906677246 0.30258066052789084 0.2894540786743164 0.5341088771820068
1 0.40627306938171387 0.6123147397427946 0.3368247413635254 0.6184139423542194
1 0.6171176147460937 0.59007318170221 0.273179931640625 0.5005960550394144
1 0.5738055038452149 0.9068322737474699 0.32665306091308594 0.18633545143110258
1 0.5966206359863281 0.8636328892127888 0.3321748352050781 0.2727342205004649
