2 0.27519420623779295 0.1344276118922878 0.045135498046875 0.08578113177875141
2 0.18846585273742675 0.30325647302576014 0.04162458419799805 0.08613847612260699
2 0.3678340530395508 0.32200679263553106 0.05527076721191406 0.0973590816463436
2 0.5076173019409179 0.5458743808505772 0.04844764709472656 0.09174876170115429
2 0.8525180435180664 0.675976968026376 0.048249130249023435 0.09807449203353745
0 0.6753521347045899 0.37185758298581784 0.046371841430664064 0.08355286744263796
0 0.765261459350586 0.7329668955759959 0.057147979736328125 0.11188080933716921
0 0.7829690170288086 0.8366517419213647 0.04844764709472656 0.09174869296787021
1 0.1478520393371582 0.44236732173610377 0.2957040786743164 0.5401501870370126
1 0.22534314155578614 0.24445415321771088 0.2697292900085449 0.4748592865359676
1 0.33224723815917967 0.4462386466361381 0.28564987182617185 0.48795002430408924
1 0.4498824691772461 0.6816032340934685 0.329747314453125 0.569632727820594
1 0.6264394760131836 0.47275408323820645 0.2666156768798828 0.4625658774161124
1 0.7346521949768067 0.8465868285647383 0.32455791473388673 0.3068263417965657
1 0.7317280578613281 0.7983057174059722 0.3289080810546875 0.40338856411409807
