2 0.3917571258544922 0.017179378518113145 0.049579010009765626 0.03435875703622629
2 0.27195058822631835 0.06993882398347596 0.048424606323242185 0.08363515621907003
2 0.4270606994628906 0.23331862097387915 0.057758331298828125 0.10479238011815527
2 0.495233039855957 0.5471068717337944 0.0530914306640625 0.09421374346758868
2 0.7698002243041993 0.945069356007619 0.055449905395507815 0.09629333771026886
0 0.6885301971435547 0.5292014560183963 0.04917739868164062 0.0886078911858636
0 0.6776925659179688 0.9245015737172719 0.06403091430664062 0.1124778953758446
0 0.6673558044433594 0.9921333722703092 0.0530914306640625 0.01573325438542409
1 0.194496728181839 0.22378153414339633 0.3215599799156189 0.44756306828679265
1 0.3196223735809326 0.15167378949689436 0.28176637649536135 0.3033475789937887
1 0.36405869483947756 0.3149203781609063 0.2926557731628418 0.535987089346121
1 0.40959939956665037 0.6208427360465935 0.34027751922607424 0.6210687310846003
1 0.6195312881469727 0.5791125941920925 0.2758954620361328 0.5028951146581151
1 0.5912819862365722 0.9025765493646398 0.33049251556396486 0.19484690019676276
1 0.6117303276062012 0.8583177099893758 0.3359622573852539 0.28336457894729067
