2 0.2572617816925049 0.8262268616272522 0.04942182540893555 0.0869988793725366
2 0.3323062324523926 0.9855923692922335 0.048529930114746093 0.028815260341575555
2 0.3773967742919922 0.6989748155748522 0.057292327880859376 0.10425409540399774
2 0.5264555549621582 0.49545863727191547 0.052911109924316406 0.09328601596591708
0 0.4643405914306641 0.16516192754109701 0.04885292053222656 0.08802330601322758
0 0.6784149551391602 0.07648320241017384 0.06394828796386719 0.11112348883001653
0 0.7383050537109375 0.06535111891256797 0.05291107177734375 0.09328599448676582
1 0.3987817668914795 0.9161278661843892 0.3187587928771973 0.1677442665572639
1 0.3074657917022705 0.8406916778903823 0.27948263168334964 0.3186166431452777
1 0.43810827255249024 0.7594435405623805 0.2897054672241211 0.48111291780128135
1 0.5891188049316406 0.6238951983752551 0.3370979309082031 0.6186551961812887
1 0.5097566223144532 0.271232144252674 0.2733955383300781 0.5008019391480867
1 0.8002764511108399 0.23949507979659346 0.3269527435302734 0.4789901595931869
1 0.7498789405822754 0.2354087142257003 0.33247127532958987 0.4708174284514006
