2 0.5334696960449219 0.36412964820861815 0.07692606608072916 0.11752897262573242
2 0.4375229771931966 0.2249773597717285 0.10462364196777343 0.15714946746826172
2 0.34852842966715497 0.17020029544830323 0.05354174296061198 0.08202448844909668
2 0.2832391357421875 0.08847362518310548 0.03361460367838542 0.051919898986816405
2 0.2409429677327474 0.021874027252197267 0.030299530029296876 0.043748054504394535
1 0.20273032506306965 0.08558568000793457 0.1311080551147461 0.17117136001586913
1 0.25160391489664713 0.1382836377620697 0.12597490946451823 0.19923403978347778
1 0.25198118209838866 0.2790449380874634 0.2685243606567383 0.426539945602417
1 0.34732371966044107 0.4908641242980957 0.4868615531921387 0.7589675521850586
1 0.478061892191569 0.6144551753997802 0.4020581817626953 0.6285525703430176
