2 0.41237147013346354 0.4391391944885254 0.07754241943359375 0.11698963165283204
2 0.31226009368896485 0.5715258026123047 0.1048455556233724 0.15733596801757813
2 0.2687737909952799 0.7002336502075195 0.05402158101399739 0.08157310485839844
2 0.2092650858561198 0.7913512420654297 0.03401260375976563 0.05149215698242188
2 0.1607896614074707 0.8491909027099609 0.030545310974121095 0.04608840942382812
1 0.18948087056477864 0.9043374632298946 0.13337926228841146 0.1913250729441643
1 0.2398481559753418 0.8426184463500976 0.12853112538655598 0.19604164123535156
1 0.333421262105306 0.8218543623387814 0.27439791361490884 0.3562912747263908
1 0.4817754109700521 0.6761825369298458 0.49422119140625 0.6476349255442619
1 0.5743149948120118 0.5419135665893555 0.4085438791910807 0.6208606719970703
