2 0.41517115275065103 0.43078731536865233 0.07652496337890625 0.11774215698242188
2 0.30957525889078774 0.5532118034362793 0.10442181905110677 0.15692829132080077
2 0.26064472198486327 0.6774440383911133 0.05323417663574219 0.08221504211425781
2 0.19734162012736003 0.7626139831542968 0.03336755116780599 0.0521197509765625
2 0.14647988637288412 0.8156429290771484 0.030139872233072917 0.046391754150390624
1 0.17249083201090495 0.8792301940917969 0.1297435760498047 0.20702545166015626
1 0.22565636316935223 0.8167335510253906 0.1244552993774414 0.20086593627929689
1 0.318577028910319 0.8106103132665158 0.26504829406738284 0.3787793728709221
1 0.4720276133219401 0.6718653677403927 0.4823938496907552 0.6562692639231682
1 0.5723578135172526 0.5490167331695557 0.39814112345377606 0.6323736381530761
