2 0.5053282419840495 0.3553715991973877 0.06867121378580729 0.11543821334838868
2 0.38632811228434244 0.26474029541015626 0.09777498881022136 0.1479058837890625
2 0.29052747090657555 0.25167791366577147 0.04743489583333333 0.08109745025634765
2 0.21209437052408855 0.20239439010620117 0.02909337361653646 0.05234245300292969
2 0.1583531888326009 0.15619511604309083 0.027026761372884116 0.045513057708740236
1 0.13120225270589192 0.21870098114013672 0.10836669921875 0.21476303100585936
1 0.1916335169474284 0.2639642858505249 0.10146766662597656 0.21187321662902833
1 0.21961278915405275 0.3983245277404785 0.21326740264892577 0.45789279937744143
1 0.35229339599609377 0.5586709690093994 0.41004536946614584 0.7816523551940918
1 0.5014907582600912 0.6190708446502685 0.3357239278157552 0.6515224647521972
