2 0.906481 0.393914 0.029630000000000014 0.07401300000000002
1 0.8837959999999999 0.569901 0.11203699999999998 0.44901300000000005
0 0.6796300000000001 0.360197 0.03518500000000005 0.08881600000000003
0 0.491667 0.382401 0.03703700000000009 0.10361800000000003
0 0.687963 0.231908 0.033333 0.07894699999999999
2 0.411574 0.212171 0.026852000000000046 0.08552599999999998
2 0.408796 0.29523 0.03240699999999998 0.08059199999999998
1 0.6736110000000001 0.555921 0.10277799999999997 0.48684200000000005
1 0.49444399999999994 0.564145 0.10185200000000005 0.49013200000000007
1 0.391204 0.471217 0.10092600000000003 0.4391449999999999
1 0.671759 0.393914 0.15277799999999997 0.39967099999999994
