2 0.11281493504842123 0.2559177624551873 0.03714713343867549 0.08281409113030684
1 0.11585799499794289 0.4363781590210764 0.15892635981241862 0.47908094054774236
0 0.33904086925365307 0.3009781210046065 0.04421265213577836 0.09924951352571186
0 0.5210123697916667 0.3875033353504382 0.04764539930555556 0.11440846794529964
0 0.34487051787199796 0.17225385967053866 0.04131845544885706 0.08892987903795745
2 0.6181680749963832 0.2480919172889308 0.03567866572627315 0.09315170739826403
2 0.6118263527199074 0.33053128342879445 0.04058962221498843 0.09022469269601922
1 0.32357968930844905 0.49506039368478877 0.15397265398943866 0.5130027469835783
1 0.4984482517948857 0.5648412202533922 0.15342336584020544 0.5159113030684622
1 0.60987302992079 0.5092374023638273 0.14694897686993635 0.46557313517520305
1 0.343081792195638 0.3367662555293033 0.19350775259512443 0.4447084477073268
