1 0.18313052742569536 0.172106755407233 0.2496460066901313 0.344213510814466
0 0.4149469163682726 0.1861032623993723 0.059263667353877315 0.10810180714255885
0 0.549440285011574 0.42040105869895533 0.0660961009837963 0.12147675062480726
0 0.45565978156195747 0.0791119258654745 0.05423988059714988 0.09847023926283184
2 0.6726319489655671 0.38388036426744965 0.05173396357783565 0.0959650340833162
2 0.6442869963469329 0.4501228332519531 0.054140331127025466 0.09864726819490131
1 0.34775351771601926 0.34159016609191895 0.25648960537380644 0.4883370901408948
1 0.4806978013780382 0.5551035027754935 0.2569931595413773 0.48976235640676397
1 0.5931120978461372 0.6040208841625013 0.23759646945529514 0.45000003513536957
1 0.40855766578956887 0.2304052804645739 0.26247112132884837 0.4608105609291478
