1 0.26927127131709344 0.07567858695983887 0.2744496945981626 0.15135717391967773
0 0.4753691072817202 0.1543955834288346 0.06097036291051794 0.09922054566835102
0 0.5610980846263744 0.4523557361803557 0.06907286467375578 0.10964012145996094
0 0.5330798961498119 0.0758567656341352 0.05525145354094329 0.09133247639003553
2 0.6844518590856481 0.4871069255628084 0.0551044605396412 0.08482782464278371
2 0.6457447758427373 0.5339658636795847 0.055571040400752315 0.09076489900287829
1 0.38388743930392794 0.26401234614221675 0.2879765545880353 0.4065280525307906
1 0.47185745239257815 0.5413880724655954 0.2890910395869502 0.4068046118083753
1 0.5697385999891493 0.6510981258593107 0.2639797634548611 0.3792276382446289
1 0.4631168365478516 0.20135499301709628 0.2715157120316117 0.40270998603419256
