2 0.10345497131347656 0.690866093886526 0.04379603068033854 0.08886784001400597
1 0.16379221457022208 0.7952937576919794 0.20360357496473525 0.40941248422390536
0 0.3038852126510055 0.49914417768779556 0.05221515231662326 0.10637880626477693
0 0.4812212060998987 0.38626378460934285 0.05723871301721643 0.12126393067209344
0 0.2674233895760995 0.3874199013960989 0.04829983181423611 0.09601683365671258
2 0.5164169028953269 0.17340099811553955 0.043835279676649304 0.09745518784773977
2 0.5376239635326244 0.24759052929125333 0.047820310239438654 0.09686879107826635
1 0.35337506047001593 0.6743414652974982 0.2036123487684462 0.5192522500690661
1 0.5195050840024595 0.5548776074459678 0.20350240071614584 0.5216125187120939
1 0.5932912755895544 0.39648689721759994 0.19119873046875 0.4742049919931512
1 0.3186770968967014 0.5244806314769545 0.22987490053530094 0.47476625442504883
