0 0.06 0.504 0.096 0.11733299999999994
0 0.292 0.365333 0.068 0.08533300000000005
0 0.389 0.252 0.046 0.06666699999999999
0 0.691 0.272 0.05 0.064
0 0.901 0.43066699999999997 0.082 0.104
0 0.97 0.606667 0.056 0.12533300000000008
0 0.755 0.829333 0.162 0.18666700000000006
1 0.644 0.86 0.412 0.2586670000000001
1 0.782 0.54 0.34 0.3226670000000001
1 0.632 0.384 0.24 0.29333299999999995
1 0.143 0.718667 0.282 0.546667
1 0.309 0.556 0.29 0.46666699999999994
1 0.415 0.485333 0.178 0.33066699999999993
