0 0.8141317443847657 0.08918997089068095 0.13012310791015624 0.17345432742436726
0 0.5762855529785156 0.20896180725097657 0.09334564208984375 0.12443925984700521
0 0.44756849670410154 0.21978441365559895 0.06787405395507813 0.09052032470703125
0 0.24398790740966797 0.5178789265950521 0.06930024719238281 0.0923895263671875
0 0.17897554779052735 0.82781640625 0.11314472961425781 0.15083805338541667
0 0.22311614990234374 0.9733643797238668 0.10598846435546876 0.05327123991648356
0 0.49332666015625 0.9154661863644917 0.213590087890625 0.16906762663523356
1 0.5882569274902344 0.8026428017616272 0.4289464721679688 0.39471439584096274
1 0.32117816162109375 0.759625406742096 0.4117330322265625 0.48074918588002524
1 0.34505313873291016 0.5418350728352864 0.32530809020996093 0.43363616943359373
1 0.8121317747831345 0.32291434733072916 0.3757364499568939 0.6458286946614583
1 0.665056869506836 0.3601509806315104 0.4524252014160156 0.6035574951171875
1 0.5525198822021484 0.40969022623697915 0.3010847473144531 0.40182421875
