0 0.8456611328125 0.8630179036458333 0.129797119140625 0.17118147786458332
0 0.7262264709472657 0.5637583414713542 0.09296197509765625 0.12300846354166667
0 0.7017567138671875 0.39491817220052083 0.0669996337890625 0.09027360026041667
0 0.4540435028076172 0.16371969604492187 0.06893179321289063 0.09143870035807292
0 0.21519634246826172 0.11728024546305338 0.11260646057128906 0.1492012685139974
0 0.07973359203338623 0.19984837341308595 0.10188648414611816 0.14478518676757812
0 0.14709860038757325 0.5515446980794271 0.21381921768188478 0.2799185791015625
1 0.22142436218261718 0.6665473225911458 0.44284872436523437 0.5412476399739583
1 0.25888136672973633 0.3009542465209961 0.41696566009521485 0.5329072621663411
1 0.4491150360107422 0.3004283650716146 0.3244930725097656 0.42795389811197915
1 0.6813528900146484 0.8167418414751688 0.47420913696289063 0.3665163164138794
1 0.6250845489501953 0.6987839557329814 0.44372360229492186 0.6024320878982544
1 0.5738784332275391 0.5579345296223959 0.2927023620605469 0.40673201497395833
