0 0.9373428649902343 0.5645010986328125 0.10456610107421875 0.129911865234375
0 0.7173097229003906 0.3946621297200521 0.07423956298828124 0.09423116048177084
0 0.6295960998535156 0.26859136962890623 0.05091278076171875 0.07263863118489583
0 0.3276600036621094 0.2469442647298177 0.05468505859375 0.07053607177734375
0 0.10650401878356934 0.3758789876302083 0.08960921096801758 0.11472428385416666
0 0.028476945877075194 0.5414489135742188 0.05695389175415039 0.13236714680989584
0 0.22087926483154297 0.7925003255208334 0.17557850646972656 0.20795426432291667
1 0.3289142417907715 0.8382718709309895 0.42981543731689453 0.3139578857421875
1 0.21640972709655762 0.5009972229003906 0.3631514320373535 0.3677127482096354
1 0.37767949676513674 0.36646218872070313 0.2614153594970703 0.32478013102213543
1 0.8381764221191407 0.7376680906613667 0.32279229736328124 0.5246638180414835
1 0.6856480407714843 0.5819734293619792 0.32455987548828125 0.5040668131510416
1 0.5856813201904297 0.4971030782063802 0.20263479614257812 0.35338677978515626
