0 0.8314913330078125 0.8857978922526042 0.130167236328125 0.17243204752604166
0 0.7235271606445313 0.578888427734375 0.0932891845703125 0.12382340494791666
0 0.7054743957519531 0.4086177775065104 0.06748284912109374 0.09053926595052084
0 0.46682072448730466 0.16105750528971355 0.06920913696289062 0.09199782307942708
0 0.23003390502929688 0.0986173235575358 0.11303326416015624 0.15014889780680338
0 0.09162062072753906 0.17197202555338542 0.10376840209960937 0.14369783528645833
0 0.14559810066223144 0.5277504272460938 0.2141119041442871 0.2823909912109375
1 0.21705670166015625 0.6475525919596354 0.4341134033203125 0.5544363199869792
1 0.26671643447875976 0.2849949556986491 0.41555620574951174 0.5403033828735352
1 0.4567279510498047 0.29726084899902344 0.3254183654785156 0.4310805969238281
1 0.6635473022460937 0.8232376097043356 0.4812120361328125 0.35352477995554604
1 0.6173444213867187 0.7028132322629292 0.448128173828125 0.5943735348383585
1 0.57159326171875 0.5628283081054688 0.296701171875 0.4054384358723958
