0 0.956923 0.303279 0.033846000000000036 0.06791600000000002
0 0.904615 0.29625299999999993 0.04615400000000014 0.07259999999999998
0 0.836154 0.293911 0.05384600000000004 0.08665099999999996
0 0.7692309999999999 0.276347 0.02769199999999999 0.05620599999999999
0 0.701538 0.379391 0.09846199999999997 0.12178000000000004
0 0.5938459999999999 0.293911 0.05538499999999999 0.06323199999999998
0 0.51 0.343091 0.05692300000000002 0.07260000000000001
0 0.44153800000000004 0.314988 0.058462000000000056 0.11943799999999997
0 0.39 0.327869 0.047692000000000075 0.09836099999999996
1 0.6761539999999999 0.651054 0.592308 0.6744730000000002
1 0.383077 0.552693 0.3415380000000001 0.5339580000000002
