0 0.04797833149249737 0.7214103537923559 0.05289035943838266 0.085083222221714
0 0.0889758036686824 0.6714621193235876 0.06484258211576022 0.09935951679596018
0 0.14512698833759013 0.6117961981815812 0.0763592059795673 0.11754366943931133
0 0.1944595923790565 0.5407524734246926 0.04350602370042067 0.07014490346439549
0 0.2883123544546274 0.5694824325954607 0.12628863994891826 0.18440682547433035
0 0.3468818781926082 0.4075190702701899 0.06912043644831731 0.09934154215685377
0 0.43458770751953124 0.37778204888873135 0.0738092041015625 0.1084382818789337
0 0.48136749267578127 0.29666570087227384 0.09213111290564904 0.14873488557980827
0 0.528966299203726 0.2639419323387414 0.07549541766826923 0.12210574362261234
1 0.40828322190504807 0.621905824758409 0.7385619178185097 0.7561883499248245
1 0.6165250572791466 0.4453025612395597 0.47863971416766826 0.7325265156301458
