0 0.2513941251314603 0.011541596620367618 0.06537445068359375 0.023083193240735236
0 0.3076776005671574 0.04579233174022523 0.07702343280498798 0.09158466348045045
0 0.3685960740309495 0.07812942442346792 0.04410851111778846 0.07024935201962045
0 0.3835556382399339 0.22206646832146745 0.1266815420297476 0.18663031155945825
0 0.5036834716796875 0.24930229455023237 0.06922335111177885 0.10071729887843969
0 0.5525130051832933 0.36412466437811036 0.07408559945913462 0.10967167088242828
0 0.618746807391827 0.402663594944974 0.09342050405649038 0.14893689479425865
0 0.6554615431565505 0.45920839689375365 0.07656808706430289 0.12224855802656616
1 0.33448885404146633 0.49999999986041066 0.6689777080829327 0.9999999997208213
1 0.5742290790264423 0.6392353154736324 0.4825018780048077 0.7215293684943778
