0 0.11238455258882962 0.9175331062120353 0.05597512465256911 0.08275373758141832
0 0.1416578146127554 0.8511710245101178 0.06610188410832332 0.10027282857783226
0 0.18347356942983775 0.7686219405234558 0.07811577430138221 0.11821037489022249
0 0.21654342064490686 0.6783306112892454 0.0461239741398738 0.06810844474989022
0 0.311737060546875 0.6629030643078985 0.12410076434795674 0.19311948682441085
0 0.3357109069824219 0.48165916782352347 0.06711376483623797 0.1053192710429779
0 0.41352452204777645 0.41326005564919677 0.07286785419170673 0.11302642464916934
0 0.442175046480619 0.3145246572740184 0.09777261587289664 0.14427647825147286
0 0.4811385404146635 0.26158165317508597 0.08023409329927884 0.11827945039199722
1 0.4665262192946214 0.6204552392211395 0.7168435199444111 0.7590895209993634
1 0.600390625 0.3946353400898203 0.4874755859375 0.7399551539007897
