0 0.14668523935171274 0.02944936015287663 0.05003556471604567 0.05889872030575326
0 0.19568023094764123 0.046942905184815024 0.06244085458608774 0.09388581036963005
0 0.25782234778771035 0.08961787547663168 0.07341179480919471 0.11389348434341037
0 0.32298745962289666 0.1187134325085535 0.04112271822415865 0.06902643779960115
0 0.35395126342773436 0.25660750234992497 0.12363123967097356 0.17534260448303937
0 0.475367431640625 0.25205895381454 0.06801823542668269 0.0938995504267601
0 0.5364166259765625 0.3524225668270638 0.07210928109975961 0.10334123883928571
0 0.606012455866887 0.37308789862961067 0.08704153207632212 0.14642434042008196
0 0.6485569411057692 0.41920310384495757 0.07127450796274039 0.12028121054870462
1 0.33080007699819713 0.5081068083329837 0.6616001539963943 0.9837863827756752
1 0.5897295203575721 0.6256921040090521 0.4611113093449519 0.7083536009598672
