0 0.7763889999999999 0.472039 0.08055600000000003 0.20065799999999998
0 0.8745370000000001 0.376645 0.07870399999999998 0.20065799999999998
0 0.910185 0.195724 0.062963 0.16776300000000002
0 0.6805559999999999 0.345395 0.06851899999999994 0.18092099999999994
0 0.549537 0.243421 0.07129600000000001 0.17763199999999998
2 0.44444399999999995 0.140625 0.06296299999999991 0.14638200000000004
2 0.500926 0.466283 0.05370400000000009 0.19243399999999997
0 0.400463 0.310033 0.075 0.169408
0 0.2 0.324836 0.07222199999999993 0.172697
0 0.38935200000000003 0.649671 0.075 0.18421100000000012
1 0.781019 0.685855 0.18611099999999997 0.6282889999999999
1 0.41574099999999997 0.7787829999019661 0.2203700000000001 0.44243399980393205
1 0.21527799999999997 0.612664 0.14907399999999998 0.774671
1 0.660648 0.608553 0.11574099999999998 0.7467109999999999
1 0.5375 0.678453999901966 0.12685200000000005 0.6430919998039322
