0 0.23454922570122613 0.6395798231426039 0.11398853725857205 0.23720721194618627
0 0.12402764426337348 0.6087079550090589 0.11224546785707827 0.2360955790469521
0 0.05606015655729506 0.459825641230533 0.09117278787824842 0.19568729400634766
0 0.300654051038954 0.462863470378675 0.09890501234266492 0.21140620582982114
0 0.4045681706181279 0.2882464183004279 0.10089297824435764 0.20997747622038188
2 0.48392489397967303 0.12841720957505076 0.08710547553168403 0.1755638749975907
2 0.4927145074915003 0.46882205260427373 0.08715150621202257 0.21334964350650185
0 0.5575451038501881 0.2614620610287315 0.1028146814416956 0.2044604452032792
0 0.7490328470865886 0.15507103894886218 0.1008257265444155 0.20588858504044383
0 0.632611338297526 0.5744534291719136 0.1056306627061632 0.21839277367842824
1 0.2708654262401439 0.7460386375651548 0.29468232614022716 0.5079227244775546
1 0.6323353237575955 0.7118104884498998 0.29157132749204284 0.5486821124428197
1 0.7894065291793259 0.4351392702052468 0.2876698246708623 0.8185831057397943
1 0.36945116961443863 0.6562315036395663 0.2509787100332755 0.6875369923287317
1 0.49865274782533997 0.6748815962162457 0.2417249043782552 0.6502368071753728
