0 0.36534764325177227 0.09223874619132594 0.1385371172869647 0.18447749238265188
0 0.4768674638536241 0.14633570219341077 0.12270855373806423 0.19965096523887232
0 0.5954910278320312 0.28833061770388957 0.12263104474103009 0.20205696005570262
2 0.7006275035716869 0.3909862292440314 0.10331053557219329 0.17282629013061523
2 0.5155373326054326 0.48056223517970037 0.12025284943757233 0.18358536770469264
0 0.6436136881510417 0.5476576152600741 0.120703125 0.20321223610325864
0 0.7438804909035012 0.8563557424043354 0.12078009711371528 0.2008047103881836
0 0.4880576522262008 0.7461333525808234 0.12774223045066552 0.21113616541812294
1 0.2611961117497197 0.24281238254747892 0.3983854435108326 0.48562476509495783
1 0.4125369601779514 0.7459576003449527 0.3283467610677083 0.5080847989179587
1 0.598835203382704 0.834166074955934 0.448166995578342 0.3316678496959962
1 0.36238794679994935 0.3170714817549053 0.41702878033673324 0.5733645213277716
1 0.39506871258770976 0.5392597098099557 0.3737037658691406 0.5345691881681743
