0 0.2687738913076895 0.22959628230647036 0.1263445536295573 0.24536189280058207
0 0.21079249911838108 0.09074455813357704 0.12474226774992767 0.18148911626715408
0 0.3874394169560185 0.20539921208431847 0.11035834418402778 0.21756342837685033
0 0.5295814372875073 0.23388999386837608 0.1118323149504485 0.21719172126368472
2 0.6495254234031395 0.23857420369198448 0.09580027262369792 0.18273228093197472
2 0.5087180102313006 0.4700045585632324 0.10079145078305844 0.21432650716681229
0 0.6397477609139902 0.42431808772839996 0.11271503589771412 0.21337624600059107
0 0.8090007075557002 0.6157016503183466 0.11124018916377315 0.2137470747295179
0 0.5534720809371383 0.7280566064934981 0.11689436170789931 0.22618323878238075
1 0.20440252445362234 0.4104564284023486 0.3383973934032299 0.7093608818556133
1 0.4941898204662182 0.763354125677755 0.315565264666522 0.47329174825235415
1 0.7145216482656973 0.7248014398899517 0.3476818508572049 0.5503971198279607
1 0.33036679161919486 0.45080696909051193 0.3109497211597584 0.7491276389674136
1 0.4171744593867549 0.6209851566113924 0.29130822640878185 0.6693787323801141
