0 0.3630856266728154 0.09358474455381695 0.13860208016854744 0.1871694891076339
0 0.47500168129249853 0.14673651519574618 0.12273460670753762 0.2004641608188027
0 0.5943695350929543 0.286749519799885 0.12268840648509838 0.20281925954316793
2 0.7000432332356771 0.38764956122950506 0.10339106807002314 0.17341668982254832
2 0.5154340390805845 0.48030431647049754 0.12012916847511575 0.18462251362047696
0 0.6438589307996961 0.5452636166622764 0.1208131578233507 0.2038763447811729
0 0.7457507380732784 0.8522782325744629 0.12085882116247107 0.20151966496517784
0 0.4893573902271412 0.7463214773880807 0.12781010380497684 0.2119171744898746
1 0.25950614081488715 0.24563051524915194 0.3980666549117477 0.4912610304983039
1 0.4139957993118851 0.7463012995492471 0.3288274976942274 0.50739740050937
1 0.6014041194209346 0.8321377853617856 0.4471390900788484 0.3357244288842929
1 0.36142840208830657 0.3193714524570264 0.4158172183566623 0.5782212144450137
1 0.3952805413140191 0.541005623968024 0.3728749027958623 0.5385078881916247
