2 0.877 0.34625 0.042 0.1025
2 0.827 0.33625 0.034 0.0725
2 0.733 0.3575 0.038 0.105
2 0.699 0.35625 0.026 0.0925
2 0.638 0.3775 0.036 0.105
2 0.575 0.44 0.062 0.15
2 0.568 0.3375 0.036 0.07
2 0.42 0.36375 0.048 0.1075
0 0.343 0.43125 0.062 0.1325
2 0.297 0.36625 0.038 0.0975
0 0.954 0.33875 0.032 0.0825
1 0.96 0.45875 0.072 0.3275
1 0.873 0.52625 0.086 0.4625
1 0.754 0.61125 0.112 0.6075000000000002
1 0.562 0.6799999998509884 0.268 0.6399999997019767
1 0.31 0.6812499998509884 0.292 0.6374999997019768
