2 0.2896125335693359 0.07981567740440369 0.08481289672851562 0.11231541872024536
2 0.33310736083984377 0.11222419500350952 0.0632833251953125 0.08288374423980713
2 0.394330322265625 0.20388210773468018 0.0830263671875 0.11102713584899902
2 0.42105941772460936 0.23017834663391112 0.0674058837890625 0.09181650161743164
2 0.45696185302734377 0.29538251876831056 0.08149176025390625 0.10942386627197266
2 0.47323591613769533 0.3938405990600586 0.12452816772460938 0.16479415893554689
2 0.5311937103271485 0.32080495834350586 0.06353530883789063 0.08256877899169922
2 0.6312850341796875 0.4595872116088867 0.0919818115234375 0.12096160888671875
0 0.6557359008789062 0.57310453414917 0.1155499267578125 0.15136661529541015
2 0.7243788757324219 0.5601056861877441 0.07917852783203125 0.10527248382568359
0 0.23437915802001952 0.028406174182891847 0.06687919616699219 0.056812348365783694
1 0.16821039199829102 0.12705126762390137 0.22326598358154298 0.25410253524780274
1 0.20033413887023926 0.2211340695619583 0.3032686729431152 0.42381080985069275
1 0.24803287315368652 0.38174731731414796 0.3976092414855957 0.5559099674224853
1 0.3600805816650391 0.588410940170288 0.5339800720214843 0.7059007453918457
1 0.5527959136962891 0.7148847578465939 0.5511123962402343 0.5702304837107658
