2 0.13148194122314452 0.6830831527709961 0.08472196960449219 0.11237922668457032
2 0.1648120880126953 0.6354336929321289 0.0632259521484375 0.08291847229003907
2 0.2479580764770508 0.5766472053527832 0.08292509460449218 0.11110462188720703
2 0.2734613647460937 0.5485129737854004 0.06730462646484375 0.09190280914306641
2 0.3312335968017578 0.5161004066467285 0.08138729858398437 0.10950618743896484
2 0.4116427612304687 0.5138065719604492 0.12439593505859375 0.16488616943359374
2 0.36459696960449217 0.4293997001647949 0.06348501586914063 0.08259464263916015
2 0.49182110595703127 0.3313004493713379 0.091892822265625 0.12101894378662109
0 0.5855523681640625 0.32166221618652346 0.11544482421875 0.15143043518066407
2 0.5876747436523437 0.23491999626159668 0.0790888671875 0.10533784866333008
0 0.06844031715393066 0.7388554763793945 0.06680308151245117 0.08900901794433594
1 0.1252061538696289 0.8359189224243164 0.22287510681152345 0.30935829162597656
1 0.22662641906738282 0.8030570600926876 0.3026913757324219 0.3938858792185783
1 0.3616026840209961 0.755114898532629 0.3968494415283203 0.4897702023386955
1 0.54439697265625 0.6674053762853146 0.533421630859375 0.6651892468333245
1 0.7317506407499313 0.48751370906829833 0.5364987180233002 0.7235437488555908
