2 0.10530026245117187 0.5479276084899902 0.07133404541015625 0.11494770050048828
2 0.14790707397460937 0.5137255477905274 0.054388916015625 0.08345420837402344
2 0.24084422302246095 0.4861210060119629 0.06847036743164063 0.11523509979248046
2 0.2715956726074219 0.4679487419128418 0.05346917724609375 0.09777263641357421
2 0.3342969665527344 0.4568703842163086 0.06663787841796875 0.11423355102539062
2 0.41205169677734377 0.4825852584838867 0.1048829345703125 0.16848487854003907
2 0.3856133117675781 0.3851653289794922 0.05542010498046875 0.08216522216796875
2 0.5296298370361329 0.33509910583496094 0.07843405151367187 0.12253364562988281
0 0.6218144226074219 0.35838406562805175 0.09927398681640626 0.1524506950378418
2 0.6431283569335937 0.27579211235046386 0.0660665283203125 0.10836336135864258
0 0.03234613943099975 0.5796169090270996 0.055761509895324704 0.09161502838134766
1 0.07538868713378906 0.6925702095031738 0.15077737426757812 0.33612499237060545
1 0.16665662956237792 0.710847225189209 0.22703134536743164 0.4668281936645508
1 0.30293209075927735 0.7113906668126583 0.2973271636962891 0.5772186657786369
1 0.5008846588134765 0.6678347776830197 0.45067672729492186 0.6643304440379143
1 0.73217724609375 0.570917329788208 0.471865234375 0.730333309173584
