2 0.25667941284179685 0.10858211040496826 0.0807366943359375 0.1143142032623291
2 0.3025744171142578 0.13532305240631104 0.06066183471679688 0.0838632869720459
2 0.37090263366699217 0.218767032623291 0.07854446411132812 0.11358295440673828
2 0.3996231689453125 0.24154760360717772 0.06300189208984375 0.09482433319091797
2 0.44061946105957034 0.30187617301940917 0.07688803100585938 0.11218202590942383
2 0.4647799072265625 0.3977705764770508 0.118595703125 0.16766494750976563
2 0.5165282287597657 0.3177792549133301 0.06119757080078125 0.08319362640380859
2 0.6273399047851562 0.44318964004516603 0.0879476318359375 0.12265819549560547
0 0.660854248046875 0.5530317878723144 0.11075048828125 0.15317073822021485
2 0.7280927124023437 0.5314176559448243 0.0751822509765625 0.10737113952636719
0 0.19626717376708985 0.048434371203184126 0.06348832702636718 0.09074474483728409
1 0.13750188636779787 0.15223074913024903 0.20645112228393556 0.30446149826049806
1 0.1792986011505127 0.2604671859741211 0.2785667991638184 0.4433011627197266
1 0.2397537841796875 0.4142231607437134 0.3651043701171875 0.5816081523895263
1 0.36795532989501956 0.6056542873382569 0.5088795013427735 0.71779878616333
1 0.5761114654541015 0.7084687612950802 0.5276365661621094 0.5830624768137932
