0 0.128 0.508982 0.068 0.10179600000000001
0 0.359 0.51497 0.054 0.09580799999999995
0 0.533 0.489521 0.042 0.05688600000000006
0 0.635 0.473054 0.034 0.06586799999999998
0 0.725 0.47006 0.03 0.05389200000000004
0 0.766 0.489521 0.04 0.06886200000000002
0 0.835 0.467066 0.03 0.05389200000000004
0 0.877 0.444611 0.022 0.04490999999999994
0 0.961 0.47006 0.026 0.041916000000000085
2 0.913 0.458084 0.018 0.029939999999999963
0 0.937 0.449102 0.014 0.029939999999999963
1 0.954 0.549401 0.076 0.2065869999999999
1 0.907 0.520958 0.082 0.17964099999999997
1 0.833 0.54491 0.066 0.22155700000000006
1 0.746 0.6122750000000001 0.14 0.31437100000000007
1 0.651 0.576347 0.09 0.27844299999999994
1 0.544 0.610778 0.156 0.305389
1 0.311 0.7305389998215429 0.354 0.538921999643086
1 0.138 0.703593 0.276 0.49700599999999995
