0 0.7974283142089844 0.8345946580350042 0.09498236083984375 0.14218902587890625
0 0.60819384765625 0.6361789132306676 0.081304931640625 0.12502581202341412
0 0.4774168395996094 0.46248510212241534 0.056314453125 0.08297825430681606
0 0.4013625030517578 0.3594117421589926 0.05336898803710938 0.0832055143253532
0 0.3297263641357422 0.27779727638838536 0.045430633544921876 0.06999706793688014
0 0.2889154510498047 0.25746512270259286 0.059398651123046875 0.09090722820715989
0 0.24190984344482422 0.17858452711276665 0.04543067932128906 0.06999709077937874
0 0.21674775695800783 0.12346161768108072 0.03543182373046875 0.05569114799271087
0 0.13879790496826172 0.07013753788199967 0.03749235534667969 0.056788621548407095
2 0.1823330535888672 0.10268460633512029 0.02631793212890625 0.040060460210560325
0 0.16644327545166016 0.07430006643969142 0.023081863403320312 0.03654080807805775
1 0.11330867385864257 0.14048532240405054 0.1425995101928711 0.2340062678217174
1 0.16250039291381835 0.15883034574771357 0.13687357330322267 0.21748591897016514
1 0.2129633026123047 0.2433216129234451 0.14038711547851562 0.23731810746792548
1 0.2568978271484375 0.37437371008410425 0.2366968994140625 0.3775200643939172
1 0.3478613586425781 0.42889914826718634 0.18213922119140624 0.304457910046606
1 0.42090740966796875 0.5509052847673793 0.246114501953125 0.38433207437663736
1 0.5623860015869141 0.7395351659395024 0.4979943542480469 0.5209296674071672
1 0.7129263000488282 0.8303838716652578 0.41843304443359375 0.33923225595565615
