0 0.6976217651367187 0.950740380023054 0.09406787109375 0.09851923924006388
0 0.5684263000488281 0.6851624129061213 0.08308673095703124 0.11998301066324382
0 0.4878927917480469 0.45286416150852593 0.05474639892578125 0.08371515331154097
0 0.4415509796142578 0.3158456836631912 0.05541976928710937 0.07856528916044864
0 0.39419912719726563 0.20123131689197288 0.04653204345703125 0.06701969672105983
0 0.36096208190917967 0.16036283184668262 0.060365570068359374 0.08772854605120813
0 0.3359519348144531 0.06150952927366702 0.04653204345703125 0.06701971385293379
0 0.3256504821777344 0.01129652140383235 0.03714239501953125 0.0225930428076647
1 0.22500252532958984 0.030474397236715533 0.15712745666503905 0.060948794473431066
1 0.26653968811035156 0.05044142785900367 0.14530154418945312 0.10088285571800734
1 0.29343508911132815 0.10642710685016152 0.16006561279296874 0.20355137843571738
1 0.30309352111816407 0.2523425810351343 0.25237063598632814 0.3470108294915296
1 0.3749723968505859 0.35203038289875327 0.20500619506835938 0.26466986376368357
1 0.4139750213623047 0.5051118884971756 0.25605532836914063 0.3622036094437102
1 0.47381842041015626 0.7469305162301321 0.4947388916015625 0.5061389668259079
1 0.5831576385498047 0.878368765829566 0.4287667541503906 0.24326246762703993
