0 0.8436917419433594 0.7132694678392238 0.08825079345703125 0.1321118291980492
0 0.6274274291992188 0.5915900590177068 0.07376123046875 0.11883197715896332
0 0.4718911437988281 0.4720780378330254 0.0530360107421875 0.0760305713036817
0 0.3810953826904297 0.40057931545965686 0.04780508422851563 0.07997558502380006
0 0.29814595031738284 0.34821854094545285 0.04114199829101563 0.0666364110158589
0 0.25523900604248045 0.34372911053503347 0.054120071411132814 0.08606461850468984
0 0.1965997543334961 0.28484069230313785 0.041142013549804686 0.0666364338583575
0 0.1630661087036133 0.24082533328119152 0.03149549865722656 0.05387777910974925
0 0.07870428466796875 0.21821703882274512 0.03447891235351563 0.05329730553541355
2 0.12628023529052734 0.23352227810614123 0.02409645080566406 0.03775469842785133
0 0.10617194747924805 0.2119499937502924 0.020377098083496095 0.035551288170728855
1 0.06571079015731812 0.29584727030314373 0.12144760608673096 0.23395725638566617
1 0.11640457344055176 0.2952900161286314 0.12040319442749023 0.21220697185950366
1 0.17932504272460936 0.35832465622953313 0.11582891845703125 0.24236832121889035
1 0.24366230010986328 0.46888747757780336 0.20745097351074218 0.36943353435950366
1 0.3408281097412109 0.48781137980386885 0.15212783813476563 0.3084835577867702
1 0.4318574523925781 0.5787679706504959 0.22012054443359375 0.36989534115363026
1 0.6190718536376953 0.7352095505077682 0.4616318054199219 0.5295808982706356
1 0.7865571594238281 0.7908161412812993 0.37880133056640625 0.4183677167235734
