0 0.8711043395996094 0.5396516308813037 0.07164337158203125 0.10725014509555109
0 0.64023486328125 0.5265772014320967 0.0574442138671875 0.10011647846884356
0 0.4674358215332031 0.486814990015087 0.0440299072265625 0.06026381075739147
0 0.3661968231201172 0.4619598617096861 0.03637265014648437 0.06857231277191711
0 0.27644374084472656 0.45154706303944847 0.03193795776367187 0.056284601816874065
0 0.23478974914550782 0.46759672793085705 0.042473724365234375 0.0720566618228387
0 0.16672103118896484 0.43948460196306605 0.03193794250488281 0.05628464750187126
0 0.12561129379272462 0.4135994825534478 0.02361951446533203 0.04665635160343376
0 0.040802231788635256 0.43208132532542337 0.02750324058532715 0.04399689086183103
2 0.08917010116577148 0.4240826589618614 0.019074607849121093 0.03137915148706493
0 0.06553714179992676 0.41313472907700227 0.015080684661865235 0.031049260122333458
1 0.04487142169475555 0.5118792185526408 0.0834880678653717 0.21254182004643057
1 0.09284688568115235 0.4873560374368451 0.08848719787597656 0.18613164296407186
1 0.16585291290283202 0.5173753064549612 0.07405424499511719 0.22666424048874906
1 0.2502413558959961 0.5918139383464516 0.1513578643798828 0.32544096072990736
1 0.3464193878173828 0.5637762789240854 0.10011148071289062 0.2854433802073587
1 0.45198960876464844 0.6069805350846159 0.16700296020507813 0.31779228712984187
1 0.6802278289794922 0.7310634542725043 0.3732975158691406 0.5378730907411633
1 0.8535100706815719 0.7331421903507438 0.2929798581600189 0.519016014601656
