0 0.12153800000000012 0.413594 0.05538500000000008 0.09907799999999994
0 0.357692 0.421659 0.05692300000000002 0.09677399999999997
0 0.6007689999999999 0.42396300000000003 0.04769199999999999 0.09677399999999997
0 0.8161539999999999 0.425115 0.03846200000000006 0.08064500000000001
0 0.913077 0.4447 0.05384600000000004 0.09677399999999997
0 0.655385 0.400922 0.030769000000000057 0.055300000000000016
0 0.496923 0.388249 0.027692000000000078 0.06682000000000005
0 0.405385 0.379032 0.02 0.048386999999999986
0 0.45846200000000004 0.376728 0.018462000000000058 0.03917100000000007
1 0.09692300000000002 0.618664 0.1353850000000001 0.5230409999999999
1 0.334615 0.6244240000000001 0.14 0.511521
1 0.41153799999999996 0.458525 0.05384600000000004 0.2119820000000001
1 0.496154 0.517281 0.09692300000000002 0.329493
1 0.593846 0.618664 0.14153799999999994 0.504608
1 0.6684620000000001 0.501152 0.075385 0.2649770000000001
1 0.716154 0.471198 0.03846199999999997 0.21889400000000003
1 0.8069230000000001 0.62212 0.08461499999999993 0.48847900000000005
1 0.9223079999999999 0.671659 0.1276919999999999 0.5552999999999999
