0 0.8519088510366587 0.27423958844303536 0.07020216721754807 0.1167107155795471
0 0.6246479210486778 0.37072393531623526 0.07130530724158654 0.11505784417077693
0 0.38972067025991586 0.46423090218398977 0.062369150015024036 0.11159153248307892
0 0.18140808692345253 0.5462242161623344 0.050733865591195915 0.09251185825892858
0 0.09085951291597806 0.6015787080685664 0.0683265627347506 0.11390236006354407
0 0.33299197857196516 0.4624344258813814 0.03904369647686298 0.06508756013509864
0 0.48427105243389423 0.3906629887594056 0.037993445763221154 0.07508417648104479
0 0.571342303936298 0.34736742292131695 0.027461407001201924 0.05435159568962414
0 0.5195749136117789 0.3650676885508172 0.024429743840144232 0.044852401803715435
1 0.9003786056775314 0.4635164375129383 0.19924278827813954 0.5571723797354281
1 0.6809316312349759 0.5583469285393641 0.22115938626802883 0.5477532769128475
1 0.5786933312049278 0.42663183959398404 0.0876129619891827 0.2254305369293635
1 0.5066160935621995 0.5152848239318566 0.14898592435396635 0.3553638018770701
1 0.4290164419320913 0.6501134353848647 0.2214910419170673 0.5416386336225518
1 0.3371116638183594 0.5643734558386737 0.11733560415414664 0.28482083790862617
1 0.28592853252704326 0.5532847988990045 0.07387742262620192 0.226344974359609
1 0.2233238513653095 0.7334704421082949 0.1636861126239483 0.504649922595046
1 0.11991740520183856 0.7659993148344453 0.21657336455125076 0.4680013697817578
