0 0.6837182147686298 0.0299952634468606 0.08618924654447116 0.0599905268937212
0 0.5447430185171274 0.28303704503494476 0.08589923565204327 0.12648085844681559
0 0.3985101905235877 0.5738552990047613 0.08029951829176683 0.11548987182054651
0 0.26846446110652045 0.831003180297289 0.06613898644080529 0.0947159446329565
0 0.22006475595327524 0.9484385124274662 0.08403266319861778 0.10312297459571593
0 0.35314856896033653 0.6249069002916187 0.04801889272836538 0.07018142911146313
0 0.44254812387319714 0.42854576286632345 0.052267221304086536 0.07350601688508064
0 0.4931846031775841 0.3139644306376233 0.03781667856069711 0.05316568190051663
0 0.4597639582707332 0.3757631328248758 0.03199176494891827 0.04574384557486679
1 0.8075032160832332 0.1656506094515049 0.35976238544170674 0.3313012189030098
1 0.6663715069110577 0.37856196917696483 0.35644700270432694 0.4769913106470064
1 0.5316476675180288 0.36951273377589916 0.14518611027644232 0.1927048819405692
1 0.5115059720552885 0.5059037450271817 0.23369347205528845 0.31527934975338423
1 0.5060589130108173 0.6837223246350267 0.3537105618990385 0.47462899344308035
1 0.39841876690204325 0.701278791998938 0.1863823993389423 0.2504983365810412
1 0.35358792818509616 0.7398927398541006 0.1395227989783654 0.1785807807324669
1 0.37863623985877404 0.8704925746686997 0.3106184269831731 0.25901485011324904
1 0.3349369166447566 0.931253881361078 0.3722190152681791 0.13749223672849242
