0 0.866436767578125 0.33399181102278047 0.06421649639423077 0.10985157346945204
0 0.6334396597055288 0.3921917506626674 0.06552048903245192 0.10789795625045003
0 0.39304358849158655 0.44616117345572615 0.056382962740384616 0.10593498687040971
0 0.17994976337139423 0.4931017440584947 0.04571744478665865 0.08800675352597566
0 0.08586529364952675 0.5330984054073211 0.062474617591271035 0.10724358624576973
0 0.3367966167743389 0.43496732228362617 0.035699697641225964 0.06128260177401354
0 0.492451899601863 0.3887267925772249 0.03374591533954327 0.07203161002304148
0 0.5821888380784255 0.360138185562626 0.024384436974158655 0.05214968914260513
0 0.5294310819185697 0.36914403537451396 0.021988384540264423 0.042699998424899195
1 0.9092220833668342 0.5317500857164233 0.18155583289953378 0.5465310268138411
1 0.6755048546424279 0.5879954324889293 0.18707350510817308 0.5361091156709029
1 0.5836340097280649 0.44013428578179004 0.07339623084435096 0.22128450595838134
1 0.5054452749399039 0.5162881068919661 0.12717679537259616 0.3467651578138501
1 0.4183539639986478 0.6374176306658627 0.18794060340294472 0.5295931908392137
1 0.33335382314828726 0.5369626761581491 0.09974095271183894 0.27832273843650995
1 0.28330535888671876 0.5174535408547397 0.05882333608774038 0.22485516807450676
1 0.207763184767503 0.6861481029317126 0.13006524892953725 0.5015233123357394
1 0.09824336198660044 0.7356536969336497 0.17904045545137845 0.5286926055833492
