0 0.7320444899338943 0.05420168863463512 0.08579843374399039 0.10840337726927024
0 0.5659773137019231 0.2955513352073283 0.08583533653846154 0.12883301484420004
0 0.39225889939528247 0.550206777686897 0.07919764592097356 0.11922525150984663
0 0.237918208195613 0.7752115627587666 0.06507666954627404 0.0980207030124928
0 0.17731218191293568 0.8901735296996508 0.0836227064866286 0.12563039190758207
0 0.3422953444260817 0.590484126921623 0.047784564678485575 0.0717890163720478
0 0.4503589806189904 0.41644148233299433 0.050917405348557696 0.0768700173373596
0 0.5119037334735577 0.31453953580372895 0.03683330829326923 0.05560958440402686
0 0.47266897348257214 0.3681263022708453 0.03145104041466346 0.04738198557207661
1 0.8374377675239857 0.2121511538457211 0.3251244645852309 0.4243023076914422
1 0.6766560715895432 0.41733302279002105 0.3380195500300481 0.5135298170801681
1 0.5443648587740385 0.3781041263984645 0.13708035982572114 0.20847208049440163
1 0.5107840670072116 0.5084231328305011 0.22258169320913462 0.33780511952764974
1 0.4875801555926983 0.6830033508863317 0.3359177574744591 0.5101597166281142
1 0.37939986008864185 0.6761665168445781 0.17715843787560095 0.2689969814318116
1 0.33120740450345554 0.7042663855486752 0.1292255342923678 0.19743030741467454
1 0.33596815255972057 0.8438024211863768 0.28750254704402045 0.3123951570778948
1 0.27598572364220253 0.8984396445311709 0.34948316133939306 0.20312071038830665
