2 0.06880188560485839 0.6668100901194163 0.04873953628540039 0.08073448204063438
2 0.23962105560302735 0.6156529836110525 0.04358216857910156 0.06795600226691535
2 0.46113847351074216 0.57569976898285 0.047664398193359374 0.0891895924244557
0 0.7236862487792969 0.49144609697588215 0.05101751708984375 0.08415483354448199
0 0.7955968933105468 0.5023629128395974 0.05557342529296875 0.09099562819655593
0 0.4117295837402344 0.5672389995586407 0.0513182373046875 0.08712369901639921
1 0.13614825820922852 0.7917064859702423 0.25306493377685546 0.4165870273435438
1 0.26031014251708984 0.7400231117958779 0.20024317932128907 0.3560468885633681
1 0.5017052612304688 0.736537921894062 0.3055489501953125 0.46129926618513045
1 0.4403916168212891 0.7004202994498404 0.27137936401367185 0.4099934895833333
1 0.8161631773710251 0.639416141910954 0.3676736447811127 0.49491534075579485
