2 0.05771480941772461 0.42259129246433935 0.051359779357910154 0.08397191136448949
2 0.22934841918945312 0.4671811857023039 0.04572927856445313 0.07094759554476351
2 0.44559654235839846 0.5496236440297719 0.050700225830078126 0.09212175432268206
0 0.71074462890625 0.6129094258443013 0.053743896484375 0.08755158662080048
0 0.7752186584472657 0.6619582763305297 0.05851214599609375 0.09471112042218
0 0.4015273895263672 0.5150271578951999 0.05417501831054688 0.09048397762997372
1 0.10993735504150391 0.5948393996413406 0.21987471008300782 0.4739372093040306
1 0.2188371696472168 0.5943969176696228 0.21213455963134767 0.36879109333943316
1 0.44488871765136717 0.7216060512416713 0.31990225219726565 0.48261845219242683
1 0.3963425064086914 0.6547724864146373 0.2841405487060547 0.428922131970838
1 0.7656967163085937 0.7709531352684662 0.39084326171875 0.4580937287470958
