2 0.07443524551391602 0.6967406172652144 0.05060009002685547 0.08304277483049456
2 0.24348504638671875 0.6337103628897452 0.04510845947265625 0.07008590927353134
2 0.46352525329589844 0.5783316122519003 0.04981594848632812 0.09128760718726539
0 0.7231792907714844 0.47583511856583144 0.05295355224609375 0.08657644460867117
0 0.7953502197265625 0.48171850439306496 0.0576605224609375 0.09364396745378191
0 0.4139077606201172 0.5733302577479824 0.053345916748046875 0.08952107014240804
1 0.14621888303756714 0.801396389802297 0.2639848413467407 0.3972072196794344
1 0.2680039749145508 0.7565011834955072 0.20867723083496093 0.3651511160819022
1 0.5090299530029296 0.7361628672740123 0.3157585754394531 0.47646723566828547
1 0.4466639404296875 0.7043659794437993 0.2804564208984375 0.4234609517965231
1 0.8156000975370407 0.6168770546669716 0.36879980444908145 0.5147535536024306
