2 0.10653082275390625 0.18699533731729776 0.061578948974609374 0.0949540696702562
2 0.2557060241699219 0.3220200066093926 0.05381121826171875 0.08162867915522945
2 0.4373140716552734 0.5166166150892103 0.06324569702148437 0.10078100256017737
0 0.6691197509765625 0.719991735509924 0.0643526611328125 0.09911880264053116
0 0.7173552551269531 0.8008129818661435 0.06990020751953124 0.10744840604764921
0 0.40460289001464844 0.46037604071356514 0.06546279907226563 0.10161675347222222
1 0.1282751922607422 0.3627233762998839 0.2565503845214844 0.5230665922880888
1 0.21518039321899415 0.43484865938936984 0.2601907272338867 0.40896015339069536
1 0.3951105499267578 0.6765024683496974 0.37279147338867186 0.5605778966222081
1 0.3660143280029297 0.5877817858446825 0.33118533325195315 0.4981061918241484
1 0.6743293151855468 0.8052151423316818 0.43767877197265626 0.3895697146206647
