0 0.01603200000000005 0.132075 0.0320640000000001 0.10242599999999999
0 0.06312600000000007 0.14690000000000003 0.054108000000000094 0.09973000000000003
0 0.13627299999999998 0.12938 0.052104000000000074 0.08625299999999997
0 0.18537099999999992 0.161725 0.054108000000000094 0.10781700000000002
0 0.271543 0.171159 0.054108000000000094 0.11590299999999999
0 0.33166300000000004 0.16442 0.05010000000000005 0.09164400000000002
0 0.40982 0.1469 0.0781560000000001 0.10512100000000002
0 0.4709419999999999 0.141509 0.05210400000000001 0.09434000000000001
0 0.573146 0.140162 0.052103999999999956 0.10242600000000003
0 0.6633269999999999 0.169811 0.06412799999999996 0.09164400000000002
0 0.7334670000000001 0.171159 0.052103999999999956 0.09973000000000001
0 0.858717 0.145553 0.058116000000000015 0.09703499999999998
0 0.9368740000000001 0.168464 0.058116000000000015 0.11051199999999999
1 0.933868 0.3948789999999999 0.124248 0.568733
1 0.728457 0.40566 0.138277 0.5795149999999999
1 0.577154 0.35714300000000004 0.10019999999999987 0.5471699999999999
1 0.4158319999999999 0.389488 0.19038100000000002 0.606469
1 0.269539 0.382749 0.0781560000000001 0.576819
1 0.171343 0.389488 0.11422800000000001 0.590296
1 0.067134 0.345013 0.09819600000000007 0.522911
