0 0.8872621035528088 0.009377775166555235 0.05222536136726578 0.01875555033311047
0 0.8451831336011868 0.02685747120900938 0.0728109661706225 0.05371494241801876
0 0.7713299523852393 0.028892977218422284 0.06806447367391032 0.05778595443684457
0 0.7309991381689159 0.05907756877395342 0.0745053950674787 0.11815513754790684
0 0.6502964730730993 0.0978916931666454 0.07619970164939253 0.13171470775758481
0 0.5912012318093217 0.11421407972063337 0.0672712001150739 0.10691973848162957
0 0.5125411498044918 0.1270292801355737 0.0970138213438596 0.13048501027562226
0 0.4527669230061686 0.1450248368666821 0.06975884141329534 0.11026605570091391
0 0.3544231712937594 0.182472450071268 0.07145308683773798 0.11802431708076251
0 0.2741095900296687 0.24510247366768972 0.08073061406015156 0.112236968911883
0 0.20709489963814348 0.2729821217991914 0.07088820585506951 0.11543759245756822
0 0.08155634312448139 0.29588947141909533 0.07609185809362866 0.11513064813742419
0 0.025412721958810197 0.34749696839530514 0.050825443917620394 0.12806144364760572
1 0.09043998947602236 0.5635956304092613 0.18087997895204472 0.592777139093034
1 0.26103597270224044 0.49607943717360176 0.25409605221184556 0.6084397308267352
1 0.3960408763082806 0.39217810617945587 0.21078524847546656 0.56297281681688
1 0.5576013630043289 0.3620637022260064 0.309735774038311 0.6540511123574969
1 0.6965529264094595 0.3001460264313896 0.19584695514075026 0.5830643838949281
1 0.7921808888773642 0.28711258304729614 0.23328070936795467 0.5742251660945923
1 0.8828474514947865 0.22834372713238082 0.2037795684141721 0.45668745426476165
