0 0.45455191082849294 0.010595829981677938 0.09666192125461862 0.021191659963355876
0 0.4146229776447426 0.06483411371225938 0.10175141542851328 0.12330209534123258
0 0.3783812131098134 0.12970299476561842 0.08434905700072019 0.10582599999769679
0 0.32575312979474574 0.2093713302817949 0.10776509072833167 0.1449454685427108
0 0.2898264638407675 0.27609867805419264 0.08711261023022608 0.109542805550876
0 0.23457842503855367 0.391756648965923 0.09220207382538514 0.11384679172238249
0 0.20523928258127583 0.5102228745617314 0.09181572679049506 0.12179898573060563
0 0.1687542489153111 0.5908055266922696 0.09050518334031343 0.11241174579630643
0 0.08597047534399854 0.7197925331136287 0.0920089155973079 0.11782285787988545
0 0.05879034690245359 0.8209811310883802 0.10049157438870661 0.12499629840696597
1 0.20747580365809745 0.8579873548685059 0.4149516073161949 0.2840252896203506
1 0.319019780130329 0.7099189449834695 0.43835725191838754 0.46590857492945587
1 0.36901658235905405 0.5118130275181362 0.3977315287312907 0.4053357682138119
1 0.475242064328853 0.34533951803037743 0.48305604739752944 0.5395838231089302
1 0.548867953803114 0.18659187584231807 0.40465975285532 0.37318375168463613
1 0.6053764633759707 0.14454147050965507 0.4323424681394038 0.28908294101931015
1 0.6328505552364495 0.0598456390463117 0.381395817758564 0.1196912780926234
