0 0.9780438255690381 0.3225472339722667 0.04391234838413093 0.11592665515498653
0 0.9255899800088458 0.27858719735775356 0.0677619276639216 0.10222878674612533
0 0.8717653507698991 0.29147640135731656 0.07410750455990105 0.12370039125015793
0 0.7869982518748434 0.26859720440887697 0.0757646885568011 0.13147311968944786
0 0.7305883740136523 0.23983017132288684 0.06694039935339428 0.10666796332099689
0 0.6590496972949806 0.19401271131160766 0.09667143124138902 0.130024449844566
0 0.6014003409651334 0.16616996600621473 0.06941917281829284 0.11000249199468813
0 0.5034317750491217 0.1269836837069365 0.07107638739392848 0.11777523071618093
0 0.4106681839019837 0.12205006684254444 0.08042491844039641 0.11186874266262004
0 0.34296914140781565 0.09734189349686038 0.07052386022044088 0.11518368116928882
0 0.22781894202222805 0.04185162721618488 0.07575063762779465 0.08370325443236976
0 0.14799442941057897 0.0416139746611973 0.07851258547368174 0.0832279493223946
1 0.11123885038142692 0.26723994334752993 0.22247770076285384 0.5344798866950599
1 0.29972715511589587 0.3246157702731315 0.2516841850204315 0.6083299091884068
1 0.45511160871547784 0.33407293304278846 0.20845358930752128 0.5631211941454288
1 0.6035553161988039 0.42497398911139395 0.3072935421624499 0.6535570190923233
1 0.7455620469454534 0.4727332122884992 0.19333980460921843 0.5834489395676276
1 0.838572836591151 0.5156166714156735 0.23077624976515532 0.609777280905176
1 0.9235407765021544 0.511499410048328 0.15291844651789846 0.5390589629222119
