0 0.9808214144381827 0.5844371209568733 0.038357170645841855 0.12338807962011455
0 0.9562573939382671 0.509969911806667 0.08056451036839303 0.11111696968181435
0 0.9027774787856964 0.49470411028180805 0.0920297626503006 0.12975395593360428
0 0.8306190934114323 0.4306501815261224 0.09573743434133893 0.1361191330572987
0 0.7863839862341871 0.37547551075403257 0.08145893838458167 0.11369833727731217
0 0.7328940106776052 0.2968525025401154 0.1097235975857966 0.14757971750758087
0 0.6872520370330505 0.24190776238865608 0.08427261016172971 0.11748284599530408
0 0.6074169824023046 0.1560686425057383 0.08798028185276803 0.123847981990187
0 0.522833661708182 0.10460200656777766 0.09250147022560747 0.12533459316366766
0 0.46700292980981495 0.05417223310856164 0.08674407530882076 0.10834446621712328
1 0.20666986572479676 0.16636712210518972 0.3585853442878188 0.33273424421037945
1 0.3634213770558696 0.26083629022068733 0.3745724786976296 0.5216725804413747
1 0.5047700839912246 0.32354653042281734 0.3297680871997902 0.5138363285527396
1 0.6169279935603629 0.4828252920885934 0.42794674431871554 0.6353208125440901
1 0.7351765909749186 0.5988713904532461 0.3260104192760521 0.5188897433627969
1 0.8093842408938972 0.6856303047941059 0.36058500056754134 0.5594203979821218
1 0.8766373382780499 0.7370625416223572 0.24672532296610739 0.4930778153823071
