0 0.09179400000000008 0.386 0.05563300000000003 0.104
0 0.43254499999999996 0.345 0.063978 0.102
2 0.82128 0.301 0.043115 0.086
0 0.897775 0.262 0.04033400000000012 0.076
2 0.931154 0.2 0.029206999999999955 0.056
2 0.5132129999999999 0.302 0.041724999999999984 0.084
2 0.22113999999999992 0.342 0.036161000000000054 0.076
0 0.29276800000000003 0.308 0.03477100000000004 0.08
2 0.585535 0.307 0.03338000000000002 0.066
2 0.729485 0.259 0.02920700000000011 0.046
2 0.778164 0.218 0.02920700000000011 0.052
2 0.637691 0.25 0.029206999999999955 0.052
1 0.8191930000000001 0.504 0.1557719999999999 0.5
1 0.9054239999999999 0.405 0.07510399999999999 0.378
1 0.6529900000000001 0.378 0.06814999999999997 0.316
1 0.436022 0.593 0.162726 0.602
1 0.52573 0.521 0.10848400000000001 0.51
1 0.22392199999999998 0.52 0.10570199999999998 0.444
1 0.08901300000000005 0.621 0.161335 0.578
