0 0.8598460063483354 0.7996697082519532 0.08945555282401774 0.13096551513671875
0 0.6216675144243307 0.4468606262207031 0.0948336074680546 0.13734088134765626
2 0.3486820799253249 0.049622596740722655 0.07179459742942672 0.09924519348144531
2 0.5804920223061001 0.3382362060546875 0.06983291986754607 0.102748046875
2 0.7824266457590838 0.6443067016601562 0.06198319606223922 0.0914603271484375
0 0.7439552275295549 0.5510076446533203 0.06276264641646384 0.09316305541992187
2 0.5236807068465317 0.27368553161621095 0.05531814002194889 0.08129373168945313
2 0.4370780170212535 0.10151077270507812 0.043035133160205144 0.062272613525390624
2 0.419106877397264 0.02900572395324707 0.04577615496512083 0.05801144790649414
2 0.510397517133986 0.1814402542114258 0.04577615496512083 0.06679631042480469
1 0.25751743396233784 0.23177378845214844 0.3458631247572176 0.4635475769042969
1 0.23773063373167758 0.11167681884765625 0.22930934730922398 0.2233536376953125
1 0.44038759319109116 0.2634932060241699 0.19574244131796548 0.30262711334228515
1 0.5057501971970347 0.6305553283691406 0.3977035713461079 0.6075995483398438
1 0.47100728211383 0.49152655029296877 0.31477875901860225 0.4869954833984375
1 0.6990119180692586 0.7758814697265625 0.28253004050221664 0.4346068115234375
1 0.7545857860581102 0.8426896971464157 0.3856907447952886 0.3146206052303314
