0 0.8083412053687847 0.9012062683105468 0.0912379661422114 0.12639971923828125
0 0.6267040183713274 0.4846027374267578 0.0951321619110744 0.13479989624023436
2 0.4179459785387148 0.0307987060546875 0.07371327873728703 0.061597412109375
2 0.6022264801577168 0.3660018005371094 0.07176660529761388 0.0984000244140625
2 0.7552137096336057 0.726005615234375 0.06397757709275034 0.08719921875
0 0.7311530398394037 0.6232042846679687 0.065368907010605 0.0880001220703125
2 0.5560523870094097 0.2858016357421875 0.0567457175221662 0.07800006103515625
2 0.4963879963287226 0.09140038108825684 0.043115225886104835 0.061199573516845705
2 0.4899908285976617 0.02159984588623047 0.046453271688108484 0.04319969177246094
2 0.5564704014296658 0.19160139465332032 0.04645322924363265 0.06479949951171875
1 0.306262359831363 0.18739738464355468 0.3716284655065629 0.37479476928710936
1 0.3096017638565934 0.06659733581542969 0.2553558137386996 0.13319467163085938
1 0.4760804156434718 0.25079983520507815 0.21669076381041377 0.26799713134765624
1 0.48664703156918243 0.6294000396728515 0.43254685700354223 0.5483953552246094
1 0.4728792638871534 0.48299966430664065 0.34881954697143386 0.43079571533203126
1 0.6545170557183915 0.8178025816679001 0.3104323173597227 0.3643948361873627
1 0.6792712682477291 0.8896026304960251 0.4183603002895732 0.22079473853111267
