0 0.8151255728306459 0.10984641265869141 0.08418038358940369 0.1299861602783203
0 0.5051060067761757 0.31729764556884765 0.09073656954917855 0.13420188903808594
2 0.15238666136506868 0.5563701324462891 0.067101999847879 0.10542770385742188
0 0.0725127155160705 0.5770686950683593 0.0612378286221097 0.09476104736328125
2 0.02224090666366386 0.547042236328125 0.04448181332732772 0.0694581298828125
2 0.42022883344923506 0.3374994964599609 0.06520515622283554 0.10269967651367187
2 0.6876359708783358 0.16390111541748048 0.05761434372011909 0.09178446960449219
0 0.6137127829858093 0.18546968078613282 0.05778722007019298 0.09426626586914062
2 0.359155731837839 0.39342709350585936 0.05175025738330146 0.0811177978515625
2 0.21760554837583668 0.45442536926269533 0.04122793226812413 0.06077505493164063
2 0.16119460104569605 0.45354661560058596 0.043297588576527726 0.06598489379882813
2 0.2942066113043561 0.38113548278808596 0.043297588576527726 0.06598489379882813
1 0.22422172960220357 0.729258132815361 0.3077283920266864 0.5414837338924408
1 0.11519750268800866 0.7066927185058594 0.19560092878275356 0.38179107666015627
1 0.3250747383552732 0.5031915130615234 0.1681764520424961 0.3229957580566406
1 0.58763211691993 0.5351182861328125 0.3489505094016212 0.63879150390625
1 0.4849021603898644 0.5365872650146485 0.270117238433371 0.5202171936035156
1 0.7466197007223031 0.32044444274902345 0.24493556758790422 0.46092446899414063
1 0.8644346361034271 0.3119153184890747 0.27113072746154826 0.6169598903656006
