0 0.9130125510012822 0.5695249481201172 0.07495821765798853 0.12337405395507813
0 0.596986136615525 0.38174909973144533 0.0824875281152208 0.12511026000976563
2 0.23587201666268254 0.1701737403869629 0.05923173291626826 0.10075994110107422
0 0.17121582667917137 0.09962944221496582 0.05447139395128868 0.0900179100036621
2 0.15249621586275697 0.029519550323486327 0.03964822315539704 0.05903910064697265
2 0.5291979793713056 0.3055723114013672 0.057485185180154726 0.09824765014648437
2 0.7990533778332537 0.47115138244628907 0.05049525912182719 0.08819674682617187
0 0.7379793848878651 0.40749530029296877 0.05001504232223574 0.0914014892578125
2 0.45923178384963925 0.2787739181518555 0.045734941379085535 0.07745472717285157
2 0.3322015690704049 0.170215576171875 0.03753770342788378 0.05657684326171875
2 0.29447153911139606 0.10990499877929688 0.03880401314216794 0.06229385375976562
2 0.4215655373266907 0.20170054626464845 0.03880401314216794 0.06229385375976562
1 0.19501755068464638 0.3645100212097168 0.25394967600433815 0.5443990249633789
1 0.13374753058039596 0.2325466766357422 0.1513383677009084 0.39294827270507815
1 0.3799738028450702 0.31698667907714845 0.13162730167903555 0.3308376770019531
1 0.5413328762346249 0.6165347290039063 0.28210275196399076 0.644623046875
1 0.4710515092576495 0.5087805023193359 0.21100252493697844 0.5332900695800781
1 0.758835751423418 0.6395418548583984 0.19442252423070236 0.4691888732910156
1 0.8641048425261931 0.7420404051542282 0.27179031461601627 0.5159191892147065
