0 0.043478 0.293000 0.050975 0.082000
0 0.231634 0.303000 0.046477 0.066000
0 0.368066 0.282000 0.037481 0.060000
0 0.443028 0.286000 0.046477 0.072000
0 0.849325 0.323000 0.061469 0.086000
1 0.079460 0.465000 0.128936 0.442000
1 0.257871 0.455000 0.182909 0.390000
2 0.496252 0.359000 0.050975 0.090000
1 0.500750 0.582000 0.137931 0.540000
1 0.897301 0.548000 0.205397 0.544000
1 0.364318 0.389000 0.104948 0.278000
0 0.277361 0.263000 0.020990 0.034000
0 0.079460 0.285000 0.026987 0.058000
1 0.585457 0.444000 0.172414 0.376000
