0 0.031667 0.453333 0.026667 0.035556
0 0.086667 0.462222 0.036667 0.053333
0 0.123333 0.462222 0.023333 0.040000
0 0.222500 0.456667 0.038333 0.064444
0 0.387500 0.500000 0.055000 0.093333
0 0.458333 0.468889 0.036667 0.053333
0 0.607500 0.477778 0.058333 0.084444
0 0.745833 0.481111 0.051667 0.077778
1 0.032500 0.530000 0.051667 0.202222
1 0.100000 0.553333 0.093333 0.244444
1 0.135833 0.526667 0.065000 0.186667
1 0.228333 0.593333 0.126667 0.342222
1 0.430000 0.722222 0.286667 0.555556
1 0.685833 0.698889 0.298333 0.531111
1 0.811667 0.646667 0.240000 0.426667
