0 0.088000 0.561069 0.036000 0.058524
0 0.257000 0.536896 0.046000 0.071247
0 0.360000 0.539440 0.044000 0.071247
0 0.435000 0.552163 0.038000 0.076336
0 0.479000 0.540712 0.042000 0.068702
0 0.530000 0.547074 0.040000 0.061069
0 0.601000 0.559796 0.038000 0.066158
0 0.701000 0.554707 0.034000 0.071247
0 0.741000 0.552163 0.038000 0.076336
1 0.077000 0.685751 0.082000 0.328244
1 0.154000 0.690840 0.100000 0.358779
1 0.259000 0.694656 0.102000 0.381679
1 0.348000 0.687023 0.088000 0.366412
1 0.444000 0.701018 0.100000 0.379135
1 0.600000 0.702290 0.100000 0.366412
1 0.751000 0.698473 0.118000 0.389313
