2 0.255789 0.295597 0.029474 0.094340
2 0.135789 0.312893 0.033684 0.116352
2 0.065263 0.216981 0.027368 0.100629
2 0.362105 0.193396 0.021053 0.078616
2 0.451579 0.193396 0.018947 0.072327
0 0.696842 0.294025 0.018947 0.078616
2 0.742632 0.289308 0.015789 0.069182
0 0.758947 0.297170 0.018947 0.078616
0 0.838947 0.331761 0.029474 0.122642
0 0.895789 0.294025 0.029474 0.116352
1 0.062105 0.438679 0.058947 0.581761
1 0.131579 0.622642 0.088421 0.754717
1 0.253684 0.548742 0.077895 0.619497
1 0.359474 0.396226 0.064211 0.509434
1 0.455789 0.355346 0.054737 0.408805
1 0.693684 0.433962 0.046316 0.371069
1 0.756842 0.422956 0.048421 0.380503
1 0.832105 0.603774 0.076842 0.691824
1 0.905789 0.503145 0.057895 0.553459
