0 0.079545 0.415068 0.040909 0.073973
0 0.136364 0.435616 0.033333 0.071233
0 0.249242 0.410959 0.037879 0.076712
0 0.334848 0.419178 0.033333 0.060274
0 0.412879 0.427397 0.031818 0.082192
2 0.505303 0.404110 0.022727 0.063014
0 0.550000 0.428767 0.024242 0.084932
0 0.609848 0.428767 0.034848 0.079452
0 0.676515 0.423288 0.028788 0.084932
0 0.723485 0.428767 0.028788 0.079452
1 0.084091 0.587671 0.074242 0.424658
1 0.144697 0.576712 0.059091 0.386301
1 0.248485 0.587671 0.106061 0.430137
1 0.356061 0.579452 0.100000 0.402740
1 0.413636 0.569863 0.069697 0.405479
1 0.491667 0.565753 0.056061 0.419178
1 0.559848 0.594521 0.080303 0.443836
1 0.668182 0.587671 0.075758 0.419178
