0 0.051333 0.189000 0.030667 0.050000
2 0.286667 0.590000 0.034667 0.068000
0 0.194667 0.433000 0.040000 0.054000
0 0.246000 0.369000 0.030667 0.054000
2 0.266667 0.233000 0.029333 0.054000
2 0.361333 0.282000 0.026667 0.052000
2 0.520000 0.326000 0.034667 0.068000
0 0.464667 0.424000 0.030667 0.060000
2 0.561333 0.535000 0.037333 0.062000
0 0.729333 0.494000 0.037333 0.064000
0 0.687333 0.380000 0.036000 0.064000
2 0.760000 0.417000 0.034667 0.062000
1 0.066000 0.272000 0.129333 0.228000
1 0.258000 0.727000 0.241333 0.350000
1 0.552667 0.651000 0.201333 0.318000
1 0.706667 0.599000 0.197333 0.286000
1 0.190667 0.530000 0.184000 0.276000
1 0.355333 0.386000 0.118667 0.264000
1 0.449333 0.547000 0.104000 0.322000
1 0.254000 0.303000 0.153333 0.210000
1 0.658000 0.467000 0.105333 0.246000
