2 0.211250 0.335586 0.032500 0.067568
2 0.171250 0.554054 0.027500 0.072072
2 0.338750 0.436937 0.042500 0.072072
2 0.517500 0.536036 0.035000 0.072072
2 0.861250 0.396396 0.032500 0.081081
0 0.630000 0.252252 0.035000 0.063063
0 0.795000 0.513514 0.040000 0.090090
0 0.835000 0.594595 0.035000 0.072072
1 0.160000 0.716216 0.240000 0.396396
1 0.191250 0.472973 0.207500 0.351351
1 0.335000 0.576577 0.225000 0.351351
1 0.496250 0.702703 0.257500 0.414414
1 0.608750 0.380631 0.207500 0.337838
1 0.821250 0.750000 0.257500 0.391892
1 0.797500 0.668919 0.260000 0.400901
