0 0.223611 0.472039 0.080556 0.200658
0 0.125463 0.376645 0.078704 0.200658
0 0.089815 0.195724 0.062963 0.167763
0 0.319444 0.345395 0.068519 0.180921
0 0.450463 0.243421 0.071296 0.177632
2 0.555556 0.140625 0.062963 0.146382
2 0.499074 0.466283 0.053704 0.192434
0 0.599537 0.310033 0.075000 0.169408
0 0.800000 0.324836 0.072222 0.172697
0 0.610648 0.649671 0.075000 0.184211
1 0.218981 0.685855 0.186111 0.628289
1 0.584259 0.778783 0.220370 0.442434
1 0.784722 0.612664 0.149074 0.774671
1 0.339352 0.608553 0.115741 0.746711
1 0.462500 0.678454 0.126852 0.643092
