2 0.123000 0.346250 0.042000 0.102500
2 0.173000 0.336250 0.034000 0.072500
2 0.267000 0.357500 0.038000 0.105000
2 0.301000 0.356250 0.026000 0.092500
2 0.362000 0.377500 0.036000 0.105000
2 0.425000 0.440000 0.062000 0.150000
2 0.432000 0.337500 0.036000 0.070000
2 0.580000 0.363750 0.048000 0.107500
0 0.657000 0.431250 0.062000 0.132500
2 0.703000 0.366250 0.038000 0.097500
0 0.046000 0.338750 0.032000 0.082500
1 0.040000 0.458750 0.072000 0.327500
1 0.127000 0.526250 0.086000 0.462500
1 0.246000 0.611250 0.112000 0.607500
1 0.438000 0.680000 0.268000 0.640000
1 0.690000 0.681250 0.292000 0.637500
