0 0.872000 0.508982 0.068000 0.101796
0 0.641000 0.514970 0.054000 0.095808
0 0.467000 0.489521 0.042000 0.056886
0 0.365000 0.473054 0.034000 0.065868
0 0.275000 0.470060 0.030000 0.053892
0 0.234000 0.489521 0.040000 0.068862
0 0.165000 0.467066 0.030000 0.053892
0 0.123000 0.444611 0.022000 0.044910
0 0.039000 0.470060 0.026000 0.041916
2 0.087000 0.458084 0.018000 0.029940
0 0.063000 0.449102 0.014000 0.029940
1 0.046000 0.549401 0.076000 0.206587
1 0.093000 0.520958 0.082000 0.179641
1 0.167000 0.544910 0.066000 0.221557
1 0.254000 0.612275 0.140000 0.314371
1 0.349000 0.576347 0.090000 0.278443
1 0.456000 0.610778 0.156000 0.305389
1 0.689000 0.730539 0.354000 0.538922
1 0.862000 0.703593 0.276000 0.497006
