0 0.878462 0.413594 0.055385 0.099078
0 0.642308 0.421659 0.056923 0.096774
0 0.399231 0.423963 0.047692 0.096774
0 0.183846 0.425115 0.038462 0.080645
0 0.086923 0.444700 0.053846 0.096774
0 0.344615 0.400922 0.030769 0.055300
0 0.503077 0.388249 0.027692 0.066820
0 0.594615 0.379032 0.020000 0.048387
0 0.541538 0.376728 0.018462 0.039171
1 0.903077 0.618664 0.135385 0.523041
1 0.665385 0.624424 0.140000 0.511521
1 0.588462 0.458525 0.053846 0.211982
1 0.503846 0.517281 0.096923 0.329493
1 0.406154 0.618664 0.141538 0.504608
1 0.331538 0.501152 0.075385 0.264977
1 0.283846 0.471198 0.038462 0.218894
1 0.193077 0.622120 0.084615 0.488479
1 0.077692 0.671659 0.127692 0.555300
