0 0.983968 0.132075 0.032064 0.102426
0 0.936874 0.146900 0.054108 0.099730
0 0.863727 0.129380 0.052104 0.086253
0 0.814629 0.161725 0.054108 0.107817
0 0.728457 0.171159 0.054108 0.115903
0 0.668337 0.164420 0.050100 0.091644
0 0.590180 0.146900 0.078156 0.105121
0 0.529058 0.141509 0.052104 0.094340
0 0.426854 0.140162 0.052104 0.102426
0 0.336673 0.169811 0.064128 0.091644
0 0.266533 0.171159 0.052104 0.099730
0 0.141283 0.145553 0.058116 0.097035
0 0.063126 0.168464 0.058116 0.110512
1 0.066132 0.394879 0.124248 0.568733
1 0.271543 0.405660 0.138277 0.579515
1 0.422846 0.357143 0.100200 0.547170
1 0.584168 0.389488 0.190381 0.606469
1 0.730461 0.382749 0.078156 0.576819
1 0.828657 0.389488 0.114228 0.590296
1 0.932866 0.345013 0.098196 0.522911
