0 0.908206 0.386000 0.055633 0.104000
0 0.567455 0.345000 0.063978 0.102000
2 0.178720 0.301000 0.043115 0.086000
0 0.102225 0.262000 0.040334 0.076000
2 0.068846 0.200000 0.029207 0.056000
2 0.486787 0.302000 0.041725 0.084000
2 0.778860 0.342000 0.036161 0.076000
0 0.707232 0.308000 0.034771 0.080000
2 0.414465 0.307000 0.033380 0.066000
2 0.270515 0.259000 0.029207 0.046000
2 0.221836 0.218000 0.029207 0.052000
2 0.362309 0.250000 0.029207 0.052000
1 0.180807 0.504000 0.155772 0.500000
1 0.094576 0.405000 0.075104 0.378000
1 0.347010 0.378000 0.068150 0.316000
1 0.563978 0.593000 0.162726 0.602000
1 0.474270 0.521000 0.108484 0.510000
1 0.776078 0.520000 0.105702 0.444000
1 0.910987 0.621000 0.161335 0.578000
